HIDDEN LAYERS
(tensor([[[ 0.1686, -0.2858, -0.3261,  ..., -0.0276,  0.0383,  0.1640],
         [ 0.3739, -0.0156, -0.2456,  ..., -0.0317,  0.5514, -0.5241],
         [-1.2708,  0.4883,  0.0090,  ...,  0.4770,  1.0378,  0.0749],
         [ 0.6663, -0.4560, -0.6471,  ...,  0.6503,  0.5884,  0.3807],
         [-0.3643, -0.1617,  0.0902,  ..., -0.1785,  0.1282, -0.0451]]],
       grad_fn=<NativeLayerNormBackward>), tensor([[[ 0.0245, -0.0036, -0.0450,  ...,  0.0733, -0.0027,  0.0358],
         [ 0.2841,  0.4244,  0.3794,  ...,  0.1997,  0.5139, -0.7260],
         [-1.3144,  0.9522,  0.6436,  ...,  0.3351,  1.0477, -0.0486],
         [ 0.3413, -0.7562, -0.0785,  ...,  0.7097,  0.1955,  0.7103],
         [-0.0584,  0.0308,  0.1076,  ..., -0.3735,  0.0919,  0.0504]]],
       grad_fn=<NativeLayerNormBackward>), tensor([[[-0.1227, -0.1840, -0.1661,  ...,  0.1626,  0.1086,  0.0894],
         [ 0.2942,  0.8151,  1.1339,  ...,  0.7711,  0.1453, -1.0515],
         [-1.3694,  1.1948,  0.6946,  ..., -0.2651,  1.0569,  0.0161],
         [ 0.4574, -0.5072, -0.0701,  ...,  0.5259,  0.4500,  0.6866],
         [-0.1636, -0.0586,  0.2309,  ..., -0.1254,  0.2490,  0.0082]]],
       grad_fn=<NativeLayerNormBackward>), tensor([[[-0.0908, -0.3002,  0.0544,  ...,  0.2830,  0.1444,  0.2916],
         [ 0.1078,  0.8349,  1.2908,  ...,  0.9009, -0.5615, -1.2095],
         [-1.1532,  0.7066,  0.7953,  ..., -0.6350,  0.5420, -0.3676],
         [ 0.3842, -0.7659,  0.0292,  ...,  0.2779,  0.2210,  0.2870],
         [-0.0741, -0.0973,  0.1565,  ...,  0.0368,  0.0558,  0.0075]]],
       grad_fn=<NativeLayerNormBackward>), tensor([[[ 0.1370, -0.4913, -0.3592,  ...,  0.3920, -0.1413,  0.6633],
         [ 0.2469,  0.6569,  1.1584,  ...,  0.8368, -0.7519, -1.1164],
         [-1.0707,  0.4522,  0.8991,  ..., -0.8281,  0.3570, -0.3137],
         [ 0.1854, -0.5464, -0.2254,  ...,  0.1633,  0.1629,  0.4770],
         [-0.0171, -0.0545,  0.0107,  ...,  0.0116,  0.0503, -0.0317]]],
       grad_fn=<NativeLayerNormBackward>), tensor([[[ 0.1650, -0.1941, -0.4403,  ..., -0.1789,  0.0047,  0.4451],
         [ 0.1536,  0.4789,  1.3591,  ...,  0.6764, -0.9024, -0.9058],
         [-0.7232,  0.7527,  1.6520,  ..., -0.5565, -0.3298, -0.1598],
         [ 0.0818, -0.0714, -0.5685,  ..., -0.5059, -0.3417,  0.9560],
         [-0.0164, -0.0361,  0.0122,  ...,  0.0322,  0.0051, -0.0365]]],
       grad_fn=<NativeLayerNormBackward>), tensor([[[ 0.2299, -0.4887, -0.1828,  ..., -0.0793, -0.0022,  0.4668],
         [-0.0797,  0.2729,  1.6609,  ...,  0.8733, -1.1972, -0.8409],
         [-0.6498,  0.9521,  1.7568,  ..., -0.9426, -0.1974, -0.8605],
         [-0.0746, -0.0552, -0.4813,  ..., -0.5442, -0.2460,  0.9953],
         [ 0.0083, -0.0358, -0.0136,  ...,  0.0160, -0.0206, -0.0326]]],
       grad_fn=<NativeLayerNormBackward>), tensor([[[-0.2479, -0.1358, -0.0742,  ..., -0.4102,  0.1087,  0.5538],
         [-0.2419,  0.1086,  1.4585,  ...,  0.9292, -0.7030, -1.0284],
         [-1.4100,  1.0459,  1.6407,  ..., -0.4745,  0.2473, -0.6790],
         [-1.0153, -0.3223, -1.1216,  ..., -0.6678, -0.1410,  1.2758],
         [-0.0165, -0.0490, -0.0072,  ..., -0.0172,  0.0253, -0.0506]]],
       grad_fn=<NativeLayerNormBackward>), tensor([[[-0.3081,  0.4018, -0.5484,  ..., -0.8637, -0.2018,  0.8923],
         [-0.3654,  0.2894,  1.3264,  ...,  0.4077, -0.9022, -0.5539],
         [-1.6866,  0.7300,  1.5644,  ..., -0.2651,  0.1227,  0.1845],
         [-1.4098, -0.3046, -1.1674,  ..., -0.7699, -0.8479,  1.0466],
         [-0.0037, -0.0267,  0.0256,  ..., -0.0339, -0.0268, -0.0712]]],
       grad_fn=<NativeLayerNormBackward>), tensor([[[ 0.0852,  0.6728, -0.6335,  ..., -0.6239, -0.4370,  0.8069],
         [-0.1160,  0.4702,  1.1942,  ...,  0.0123, -0.9478, -0.5629],
         [-1.3724,  0.8533,  1.1192,  ..., -0.3720,  0.5603,  0.2544],
         [-1.4690, -0.4813, -0.7537,  ..., -0.3623, -0.4922,  0.8631],
         [ 0.0040, -0.0112,  0.0088,  ..., -0.0746, -0.0731, -0.0076]]],
       grad_fn=<NativeLayerNormBackward>), tensor([[[-6.0745e-02,  7.0067e-01, -3.5169e-01,  ..., -7.3721e-01,
          -1.0702e+00,  6.4716e-01],
         [-3.4153e-01, -1.8746e-01,  1.0192e+00,  ..., -2.8989e-01,
          -8.0967e-01, -2.6565e-01],
         [-1.4332e+00,  2.6219e-01,  3.1213e-01,  ..., -5.2543e-01,
           2.1101e-01, -5.0785e-02],
         [-1.6282e+00, -7.9617e-01, -7.4572e-01,  ..., -3.3360e-01,
          -9.7458e-02,  7.6771e-01],
         [-3.2526e-02, -1.9873e-04, -4.1272e-02,  ...,  5.6187e-02,
          -2.9378e-04, -3.9332e-02]]], grad_fn=<NativeLayerNormBackward>), tensor([[[-0.1190,  0.4573, -0.0198,  ..., -0.4651, -0.5281,  0.1571],
         [-0.2570,  0.0417,  0.6366,  ..., -0.4821, -0.4697, -0.3571],
         [-1.3964,  0.4062,  0.0023,  ..., -0.8578,  0.2254, -0.3154],
         [-1.3324, -0.7828, -0.7407,  ...,  0.2066,  0.0900,  0.4451],
         [ 0.0438,  0.0242, -0.0311,  ...,  0.0251, -0.0307,  0.0207]]],
       grad_fn=<NativeLayerNormBackward>), tensor([[[-5.2104e-04,  3.6638e-01, -1.9945e-01,  ..., -8.7269e-02,
          -1.2351e-01,  5.8564e-01],
         [ 2.9124e-02,  7.8499e-02,  4.3985e-01,  ..., -1.7556e-01,
           8.2994e-02,  5.8075e-03],
         [-3.9943e-01,  5.7954e-01, -5.0211e-01,  ..., -9.1378e-01,
          -8.5308e-02, -6.0289e-01],
         [-7.9519e-01, -4.4644e-01, -5.9930e-01,  ...,  6.4925e-01,
          -2.9092e-02,  8.8446e-02],
         [ 7.8076e-01, -1.3329e-02, -2.2675e-01,  ...,  3.4757e-01,
          -5.6056e-01, -2.0101e-01]]], grad_fn=<NativeLayerNormBackward>))


LAYER_EMBEDDING 0tensor([-1.1601e-01,  4.7025e-01,  1.1942e+00, -7.8695e-01,  9.9521e-02,
        -4.7470e-02,  1.2015e-01,  2.8256e-01, -1.6137e+00, -1.6637e+00,
        -2.3215e-01,  8.0679e-02,  1.4804e-01,  8.0413e-01, -3.5999e-01,
         6.0016e-01,  2.0053e-01, -9.9872e-02, -7.4254e-01,  1.2332e+00,
         1.2195e-01, -5.1008e-03, -2.7083e-01, -4.9007e-01,  7.6845e-02,
        -3.5684e-01, -2.2605e-01,  8.2024e-01,  2.6002e-01, -6.7701e-02,
        -3.8373e-01, -6.2474e-01, -5.1889e-02, -1.0840e+00, -1.0126e+00,
        -2.0788e-02, -3.0173e-01,  3.2422e-01, -1.3245e+00, -9.7838e-02,
         3.6882e-01, -1.0190e+00,  1.5913e+00, -3.8409e-01, -6.4193e-01,
        -1.2419e-02,  7.5513e-01, -1.5037e-01, -4.1821e-01, -1.5576e+00,
        -5.3061e-01,  2.1308e-01, -1.5946e+00, -3.5523e-01,  4.3121e-01,
        -5.5350e-01,  2.1192e-01, -1.4478e+00,  7.3123e-01, -1.8288e-02,
        -5.3517e-01,  5.2215e-02,  1.3614e+00, -4.1669e-01, -3.1500e-01,
         1.3173e-01,  7.7120e-01, -5.5208e-01, -7.1819e-02,  4.3056e-01,
         7.6680e-02,  1.2090e-01,  6.8145e-01,  5.3621e-01, -1.1342e-01,
        -7.6355e-01,  7.0292e-01,  4.9895e-01, -3.3308e-01, -3.7266e-01,
         1.7690e-02, -5.6535e-03,  8.3177e-01,  3.4816e-01,  8.3522e-01,
        -9.4129e-02,  1.3473e+00,  1.0538e+00, -1.6177e+00, -4.5698e-02,
         7.8103e-02, -2.0934e-01, -8.9303e-01, -1.5434e-02, -8.9269e-02,
         3.2973e-01, -4.6281e-01, -1.3614e-01, -1.0293e+00,  8.1708e-01,
         6.7691e-01, -1.2513e-01, -2.0427e-01,  2.7475e-01, -1.4894e-01,
         1.0664e+00, -1.5673e-01, -1.4127e+00, -2.4592e-01, -2.5514e-01,
        -3.2700e-02, -5.6400e-02,  3.4859e-01, -8.3413e-01, -3.5088e-02,
         8.6014e-01,  1.0590e-01,  4.8509e-01, -1.0414e-01, -8.8637e-01,
        -2.1004e-01,  6.5392e-01, -2.7788e-01, -6.2386e-02,  3.1187e-01,
        -6.0159e-01, -1.2106e-01,  8.0372e-01, -7.3013e-01, -1.5306e-01,
         1.9345e-01, -7.2658e-02, -9.6416e-02,  5.9687e-01,  1.7425e-01,
        -3.7637e-01, -1.0346e-01,  1.3062e-01, -4.9025e-01, -3.2275e-01,
        -5.0657e-01,  1.3893e+00,  1.1432e+00,  3.1849e-01,  3.8812e-01,
         2.0523e-02, -3.7390e-01,  3.9963e-01, -1.1139e+00, -1.4821e-01,
        -1.5582e-01, -5.8375e-01, -2.7934e-01,  6.7063e-01, -2.2829e-01,
        -7.8870e-02, -1.4486e+00, -5.5660e-01, -2.2625e-01,  1.0718e+00,
         9.2705e-01,  6.6362e-01,  8.9114e-02,  4.6651e-01,  1.0146e+00,
        -4.1260e-02, -1.1515e-01, -3.9415e-01,  5.5260e-01,  4.3034e-01,
         5.7386e-01, -3.2617e-02, -2.9113e-01,  2.6037e-01,  1.2399e+00,
         5.3637e-01,  1.4564e+00, -2.8008e-01, -3.7788e-01,  1.0137e-01,
        -2.7614e-01, -5.4238e-01, -3.1648e-01, -4.4657e-01,  9.5345e-01,
         2.5232e-01,  8.8359e-01, -1.2117e+00, -3.1215e-01,  8.4805e-01,
         6.8679e-02,  2.9329e-02, -1.1866e-01, -4.7062e-02,  2.4906e-01,
        -2.6180e-01,  1.2842e+00, -7.5224e-01,  5.0481e-01,  1.1669e-01,
         8.0975e-01,  7.7519e-01,  6.8531e-02, -1.6196e-01, -3.0219e-01,
         6.8305e-02, -1.5092e-02, -4.6370e-01, -3.9001e-01,  2.6141e-01,
        -7.0591e-01, -1.9612e-01,  6.6559e-01,  8.9250e-01,  8.1386e-01,
         1.2787e-01, -5.5136e-01, -5.7297e-02, -2.7110e-01,  6.7905e-01,
        -2.2460e-02, -2.2338e-01,  7.5222e-01,  5.1355e-01, -6.1601e-01,
         7.4444e-01,  1.4616e+00, -7.0658e-01,  9.6716e-01,  1.0844e+00,
         7.0873e-02,  1.0576e-01,  6.3025e-01, -3.6053e-01,  2.1444e-02,
        -2.7153e-02,  3.6519e-01, -4.3688e-01, -2.7686e-01,  6.3470e-01,
        -5.4183e-01,  9.2585e-02,  5.2463e-01,  2.2403e-01,  1.0937e+00,
        -1.4175e-01, -2.4476e-01, -9.1685e-02, -3.7879e-01,  2.2950e-01,
        -1.7432e-02, -4.9629e-01,  2.6069e-01, -8.6679e-01,  4.3867e-01,
        -2.5338e-01, -2.2532e-01,  3.3203e-01,  3.4187e-01, -4.7425e-01,
         9.7519e-01, -3.6264e-01,  1.2626e-01,  1.4735e-01, -2.1944e-01,
         3.1472e-01, -6.9565e-01, -2.2561e-01,  8.3995e-01, -7.0833e-01,
         8.7506e-02,  9.2561e-02,  3.3847e-01,  7.1728e-01, -1.5064e-01,
        -1.6422e+00,  1.5838e-01, -5.9139e-01,  5.4480e-01, -1.4083e+00,
        -3.5375e-01,  1.2532e+00, -1.8572e+00, -4.5215e-01,  1.3919e+00,
        -2.9971e-02, -5.0528e-01, -1.3943e+00,  2.9919e-01,  4.6156e-01,
         3.1292e-02,  5.9517e-01,  4.5724e-01,  9.3645e-02,  1.1802e+00,
        -6.1374e-01,  6.1037e-01,  1.1479e+00, -6.8341e-01,  1.4375e-01,
         8.2530e-01,  1.1859e+00, -4.9631e-02, -1.3982e+00, -6.6531e-01,
         6.3879e-01, -5.2738e-01, -1.2722e+00, -5.6761e+00, -8.2240e-01,
         4.4529e-01, -1.9657e-01, -4.2973e-01, -3.5380e-01,  3.2825e-01,
         7.5752e-01, -1.0985e-01,  5.1275e-01, -1.1608e-01,  4.7356e-02,
        -4.1641e-01, -1.0701e+00, -1.5604e-01, -7.5038e-01,  2.1399e-01,
         1.4937e-02, -4.3454e-01, -8.7018e-02,  3.2096e-01, -8.2475e-01,
        -2.8772e-01, -7.5158e-01,  5.8818e-01,  8.3026e-01,  1.2040e+00,
        -4.2442e-01, -2.4305e-01,  1.0145e+00, -1.2602e+00, -1.0020e+00,
        -4.3936e-01,  1.0056e+00,  7.9508e-01,  1.3798e-01,  6.6199e-01,
        -6.0701e-01, -2.8894e-02,  3.3287e-01,  3.2607e-01, -3.7698e-01,
        -5.7529e-01,  2.9750e-01,  5.6089e-01, -2.6331e-01, -1.4953e-01,
        -4.6682e-01,  7.3802e-02,  9.7308e-01, -7.3990e-01,  1.0943e-01,
         9.0178e-01, -8.1858e-01,  1.0642e+00, -2.8958e-01,  7.0664e-01,
         1.4304e+00, -2.4245e-01, -1.5348e+00, -2.1548e-01, -2.5013e-02,
        -1.8759e-01, -7.5535e-01, -3.2672e-01,  3.1452e-01, -1.1731e+00,
         8.4130e-02, -1.1439e+00, -9.9876e-02,  5.1406e-01,  8.9682e-02,
         4.5556e-01, -3.7773e+00, -1.0730e+00, -5.0015e-01, -4.1954e-01,
        -4.1481e-01, -1.4340e-01,  4.1151e-02, -1.0568e+00, -5.0159e-01,
         8.9611e-02,  8.4321e-01,  1.9879e-01, -3.4480e-01, -3.5435e-01,
        -9.2411e-01,  2.8012e-01,  3.9927e-01, -5.7941e-01, -8.0255e-01,
         5.8204e-01,  2.5205e-01, -2.8752e-02, -3.3151e-01,  5.2833e-01,
        -2.5265e-02,  7.0167e-01,  1.8068e-01,  9.6061e-01,  3.0839e-01,
         6.8162e-01, -2.5712e-01,  1.5607e+00, -1.1348e-01, -6.4297e-02,
        -2.6528e-01,  2.7619e-01, -1.7808e-01, -1.4879e-01, -1.1009e-01,
        -8.3896e-01, -3.0612e-01, -5.0603e-01, -5.2053e-01, -2.0159e-01,
        -8.7345e-01, -2.2135e-01, -3.9349e-01, -6.5576e-02,  2.9123e-01,
        -6.5513e-01, -9.3331e-02, -5.4910e-01,  1.9295e-01, -7.2860e-01,
         9.9005e-01, -7.3689e-01,  6.8000e-01,  4.3242e-01,  1.5103e+00,
        -2.2645e-01, -7.9289e-01,  2.6291e-01, -4.6631e-01, -5.2290e-01,
        -2.1564e-01, -7.0913e-01,  2.8241e-02,  3.4789e-01, -2.2821e-01,
         6.3529e-01,  1.0769e-01,  3.0177e-01, -4.0245e-01, -1.6335e+00,
        -1.2101e+00,  8.0842e-01,  6.1294e-01, -2.6829e-01, -2.4593e-01,
         1.0744e-01, -6.3130e-01,  3.4994e-01, -1.3790e+00,  6.9718e-01,
         4.7855e-01, -8.8840e-01,  3.4068e-01,  8.5491e-01,  7.3473e-01,
        -7.4250e-01,  6.8418e-01,  1.4760e-01,  1.7390e-01, -2.3089e-01,
         5.6229e-01, -7.5392e-01, -9.5786e-01,  4.8966e-01,  1.2693e+00,
         2.0776e-01,  3.6971e-01, -2.3074e-01, -9.0152e-02, -1.3005e+00,
         1.2882e-01,  1.7586e-01,  9.6441e-01,  6.1760e-01,  3.6993e-01,
        -3.4471e-01,  3.7044e-01,  5.4242e-01, -5.2909e-01,  2.7866e-02,
         3.2399e-01,  3.8959e-01, -8.3360e-01, -6.9414e-01,  8.6470e-01,
        -1.7791e-01, -9.3263e-01, -2.5808e-01,  2.0705e-01, -4.0708e-01,
        -5.8057e-02, -3.3728e-01, -1.4554e-01, -7.8058e-01,  9.5491e-02,
        -2.2466e-01, -1.0557e-01, -7.9355e-01,  9.9616e-02,  6.0645e-01,
         6.2896e-01, -2.7582e-02, -3.1044e-01, -1.3473e-01, -2.6457e-01,
        -7.2219e-02, -1.3365e-01, -7.0104e-01,  2.0727e-01, -3.0183e-01,
         4.1757e-01, -2.5724e-01,  4.3534e-01, -7.6234e-01,  1.0737e-01,
        -4.0234e-01, -6.4171e-01, -7.4258e-01, -1.3989e+00,  3.7010e-01,
        -2.5789e-02, -6.9183e-01, -1.9666e-01, -4.0885e-01, -1.5423e+00,
         1.1622e+00, -4.2979e-01, -8.1896e-01, -1.0057e-01,  6.8989e-01,
         1.1490e-01,  2.0766e-01,  3.1162e-01,  2.0069e-01, -3.4105e-01,
         8.7202e-01, -7.6111e-01,  1.1356e-01,  2.5601e-01,  5.1891e-02,
        -6.8319e-01, -6.4362e-01,  3.0589e-01,  8.0076e-01,  8.8914e-01,
         7.1840e-01,  6.9507e-02, -1.3161e-01, -1.2188e+00, -4.4063e-01,
         1.2370e+00, -2.8523e-01,  4.6959e-01, -4.0443e-01,  1.1006e+00,
         2.2908e-01,  1.8800e-01,  1.5809e-01, -6.9764e-01,  1.0914e+00,
        -2.1011e-01,  4.6406e-01, -1.8607e-01, -9.2026e-01, -2.1705e-01,
        -3.6304e-01, -1.3017e+00,  2.8375e-01, -2.7876e-01,  3.9543e-02,
        -3.8841e-01,  5.4543e-01,  9.9571e-01, -9.1463e-01,  7.3332e-01,
         3.6500e-01, -9.6277e-01, -9.5249e-01, -2.3987e-01, -1.2817e+00,
        -9.0164e-01,  3.2981e-01,  2.0167e+00, -5.3251e-01,  1.7055e-01,
        -1.0540e+00,  1.5145e+00, -4.1287e-01,  2.1229e-01,  8.3955e-01,
         1.1468e-01, -2.7070e-01,  5.5090e-02, -3.3957e-01,  3.4626e-01,
        -1.5097e-01, -3.7800e-01, -1.8952e-01,  1.6202e-01,  7.9598e-02,
        -4.3458e-01, -2.4558e-01,  5.8209e-02, -2.0094e-01,  6.5767e-01,
         4.1272e-01,  4.2813e-02,  1.1597e-01,  5.2282e-01, -2.0424e-01,
        -9.5770e-01,  8.1117e-01, -8.8305e-02,  4.7456e-01, -3.6903e-02,
        -1.4352e-01, -2.5001e-01,  3.9486e-01,  3.8845e-01, -1.4764e+00,
        -4.4656e-01,  1.3398e+00,  7.8439e-01,  5.6319e-01, -8.0325e-01,
         1.8631e-01,  8.3867e-01,  3.0468e-01,  3.7232e-02,  9.1754e-01,
        -4.6370e-01,  1.9785e-02, -9.5064e-02, -7.4757e-01,  1.1945e-01,
        -7.7452e-01,  5.6497e-01,  3.1030e-01,  8.3538e-01, -1.1589e-01,
        -2.4239e-01,  6.9340e-01, -4.1391e-01,  6.2934e-01,  3.6408e-01,
        -1.3095e-01, -1.1010e+00,  1.0199e+00, -1.3723e+00,  1.6237e-01,
        -6.6186e-01, -8.0259e-03, -7.7877e-01, -4.0273e-01,  5.7475e-01,
        -3.5036e-01,  3.3481e-01,  2.8846e-01,  5.4632e-02,  5.8766e-01,
        -7.5781e-02, -8.6684e-01, -5.0177e-04, -1.0304e+00,  8.6267e-01,
        -3.0989e-01,  1.5667e+00,  2.1116e-01,  2.1406e-01, -3.1008e-01,
        -2.6536e-01,  3.1058e-01, -4.1231e-01,  5.7368e-01, -4.4478e-01,
        -7.5077e-01, -7.8537e-01,  4.5429e-01,  2.2219e-01, -1.3032e+00,
        -1.9487e-01, -2.8583e-01, -7.5837e-02,  5.1789e-01, -2.2364e-01,
         4.1526e-01, -3.3719e-01,  8.8814e-01, -1.8208e-01,  2.5226e-02,
         6.5829e-01,  3.5259e-01, -3.8894e-01,  9.5381e-01, -2.7532e-01,
        -6.1743e-01,  5.4097e-01, -1.4103e-01,  6.9741e-01,  3.0776e-01,
         1.0699e+00,  1.9739e-01, -1.5719e-03,  5.1764e-01,  1.3914e-02,
        -2.2592e-02,  8.8097e-01,  8.4398e-02, -1.2389e+00,  5.4830e-01,
        -8.9569e-01, -1.3471e+00,  8.4121e-02, -2.2433e-01, -6.5824e-01,
         3.0763e-01, -4.1317e-01,  1.0152e+00, -2.8607e+00,  1.3609e-01,
         3.4390e-01,  2.6641e-01,  1.7855e-01, -6.8633e-01,  2.9029e-01,
         9.1535e-01, -1.2193e+00,  7.8062e-01, -4.2904e-01,  3.4727e-01,
        -5.2788e-01,  4.6931e-01, -4.5610e-01,  6.8118e-01,  5.6770e-01,
        -4.5975e-01,  5.0888e-01, -9.6978e-01,  1.2153e+00,  8.5506e-01,
        -4.4950e-01, -8.0545e-01,  1.1066e-01, -1.3801e-02, -7.4952e-01,
        -2.6658e-02, -1.3782e-01,  4.3064e-01,  1.1447e+00, -9.1060e-02,
         1.2336e-02, -9.4781e-01, -5.6291e-01], grad_fn=<SelectBackward>)
TGT EMBEDDING 0tensor([-1.1601e-01,  4.7025e-01,  1.1942e+00, -7.8695e-01,  9.9521e-02,
        -4.7470e-02,  1.2015e-01,  2.8256e-01, -1.6137e+00, -1.6637e+00,
        -2.3215e-01,  8.0679e-02,  1.4804e-01,  8.0413e-01, -3.5999e-01,
         6.0016e-01,  2.0053e-01, -9.9872e-02, -7.4254e-01,  1.2332e+00,
         1.2195e-01, -5.1008e-03, -2.7083e-01, -4.9007e-01,  7.6845e-02,
        -3.5684e-01, -2.2605e-01,  8.2024e-01,  2.6002e-01, -6.7701e-02,
        -3.8373e-01, -6.2474e-01, -5.1889e-02, -1.0840e+00, -1.0126e+00,
        -2.0788e-02, -3.0173e-01,  3.2422e-01, -1.3245e+00, -9.7838e-02,
         3.6882e-01, -1.0190e+00,  1.5913e+00, -3.8409e-01, -6.4193e-01,
        -1.2419e-02,  7.5513e-01, -1.5037e-01, -4.1821e-01, -1.5576e+00,
        -5.3061e-01,  2.1308e-01, -1.5946e+00, -3.5523e-01,  4.3121e-01,
        -5.5350e-01,  2.1192e-01, -1.4478e+00,  7.3123e-01, -1.8288e-02,
        -5.3517e-01,  5.2215e-02,  1.3614e+00, -4.1669e-01, -3.1500e-01,
         1.3173e-01,  7.7120e-01, -5.5208e-01, -7.1819e-02,  4.3056e-01,
         7.6680e-02,  1.2090e-01,  6.8145e-01,  5.3621e-01, -1.1342e-01,
        -7.6355e-01,  7.0292e-01,  4.9895e-01, -3.3308e-01, -3.7266e-01,
         1.7690e-02, -5.6535e-03,  8.3177e-01,  3.4816e-01,  8.3522e-01,
        -9.4129e-02,  1.3473e+00,  1.0538e+00, -1.6177e+00, -4.5698e-02,
         7.8103e-02, -2.0934e-01, -8.9303e-01, -1.5434e-02, -8.9269e-02,
         3.2973e-01, -4.6281e-01, -1.3614e-01, -1.0293e+00,  8.1708e-01,
         6.7691e-01, -1.2513e-01, -2.0427e-01,  2.7475e-01, -1.4894e-01,
         1.0664e+00, -1.5673e-01, -1.4127e+00, -2.4592e-01, -2.5514e-01,
        -3.2700e-02, -5.6400e-02,  3.4859e-01, -8.3413e-01, -3.5088e-02,
         8.6014e-01,  1.0590e-01,  4.8509e-01, -1.0414e-01, -8.8637e-01,
        -2.1004e-01,  6.5392e-01, -2.7788e-01, -6.2386e-02,  3.1187e-01,
        -6.0159e-01, -1.2106e-01,  8.0372e-01, -7.3013e-01, -1.5306e-01,
         1.9345e-01, -7.2658e-02, -9.6416e-02,  5.9687e-01,  1.7425e-01,
        -3.7637e-01, -1.0346e-01,  1.3062e-01, -4.9025e-01, -3.2275e-01,
        -5.0657e-01,  1.3893e+00,  1.1432e+00,  3.1849e-01,  3.8812e-01,
         2.0523e-02, -3.7390e-01,  3.9963e-01, -1.1139e+00, -1.4821e-01,
        -1.5582e-01, -5.8375e-01, -2.7934e-01,  6.7063e-01, -2.2829e-01,
        -7.8870e-02, -1.4486e+00, -5.5660e-01, -2.2625e-01,  1.0718e+00,
         9.2705e-01,  6.6362e-01,  8.9114e-02,  4.6651e-01,  1.0146e+00,
        -4.1260e-02, -1.1515e-01, -3.9415e-01,  5.5260e-01,  4.3034e-01,
         5.7386e-01, -3.2617e-02, -2.9113e-01,  2.6037e-01,  1.2399e+00,
         5.3637e-01,  1.4564e+00, -2.8008e-01, -3.7788e-01,  1.0137e-01,
        -2.7614e-01, -5.4238e-01, -3.1648e-01, -4.4657e-01,  9.5345e-01,
         2.5232e-01,  8.8359e-01, -1.2117e+00, -3.1215e-01,  8.4805e-01,
         6.8679e-02,  2.9329e-02, -1.1866e-01, -4.7062e-02,  2.4906e-01,
        -2.6180e-01,  1.2842e+00, -7.5224e-01,  5.0481e-01,  1.1669e-01,
         8.0975e-01,  7.7519e-01,  6.8531e-02, -1.6196e-01, -3.0219e-01,
         6.8305e-02, -1.5092e-02, -4.6370e-01, -3.9001e-01,  2.6141e-01,
        -7.0591e-01, -1.9612e-01,  6.6559e-01,  8.9250e-01,  8.1386e-01,
         1.2787e-01, -5.5136e-01, -5.7297e-02, -2.7110e-01,  6.7905e-01,
        -2.2460e-02, -2.2338e-01,  7.5222e-01,  5.1355e-01, -6.1601e-01,
         7.4444e-01,  1.4616e+00, -7.0658e-01,  9.6716e-01,  1.0844e+00,
         7.0873e-02,  1.0576e-01,  6.3025e-01, -3.6053e-01,  2.1444e-02,
        -2.7153e-02,  3.6519e-01, -4.3688e-01, -2.7686e-01,  6.3470e-01,
        -5.4183e-01,  9.2585e-02,  5.2463e-01,  2.2403e-01,  1.0937e+00,
        -1.4175e-01, -2.4476e-01, -9.1685e-02, -3.7879e-01,  2.2950e-01,
        -1.7432e-02, -4.9629e-01,  2.6069e-01, -8.6679e-01,  4.3867e-01,
        -2.5338e-01, -2.2532e-01,  3.3203e-01,  3.4187e-01, -4.7425e-01,
         9.7519e-01, -3.6264e-01,  1.2626e-01,  1.4735e-01, -2.1944e-01,
         3.1472e-01, -6.9565e-01, -2.2561e-01,  8.3995e-01, -7.0833e-01,
         8.7506e-02,  9.2561e-02,  3.3847e-01,  7.1728e-01, -1.5064e-01,
        -1.6422e+00,  1.5838e-01, -5.9139e-01,  5.4480e-01, -1.4083e+00,
        -3.5375e-01,  1.2532e+00, -1.8572e+00, -4.5215e-01,  1.3919e+00,
        -2.9971e-02, -5.0528e-01, -1.3943e+00,  2.9919e-01,  4.6156e-01,
         3.1292e-02,  5.9517e-01,  4.5724e-01,  9.3645e-02,  1.1802e+00,
        -6.1374e-01,  6.1037e-01,  1.1479e+00, -6.8341e-01,  1.4375e-01,
         8.2530e-01,  1.1859e+00, -4.9631e-02, -1.3982e+00, -6.6531e-01,
         6.3879e-01, -5.2738e-01, -1.2722e+00, -5.6761e+00, -8.2240e-01,
         4.4529e-01, -1.9657e-01, -4.2973e-01, -3.5380e-01,  3.2825e-01,
         7.5752e-01, -1.0985e-01,  5.1275e-01, -1.1608e-01,  4.7356e-02,
        -4.1641e-01, -1.0701e+00, -1.5604e-01, -7.5038e-01,  2.1399e-01,
         1.4937e-02, -4.3454e-01, -8.7018e-02,  3.2096e-01, -8.2475e-01,
        -2.8772e-01, -7.5158e-01,  5.8818e-01,  8.3026e-01,  1.2040e+00,
        -4.2442e-01, -2.4305e-01,  1.0145e+00, -1.2602e+00, -1.0020e+00,
        -4.3936e-01,  1.0056e+00,  7.9508e-01,  1.3798e-01,  6.6199e-01,
        -6.0701e-01, -2.8894e-02,  3.3287e-01,  3.2607e-01, -3.7698e-01,
        -5.7529e-01,  2.9750e-01,  5.6089e-01, -2.6331e-01, -1.4953e-01,
        -4.6682e-01,  7.3802e-02,  9.7308e-01, -7.3990e-01,  1.0943e-01,
         9.0178e-01, -8.1858e-01,  1.0642e+00, -2.8958e-01,  7.0664e-01,
         1.4304e+00, -2.4245e-01, -1.5348e+00, -2.1548e-01, -2.5013e-02,
        -1.8759e-01, -7.5535e-01, -3.2672e-01,  3.1452e-01, -1.1731e+00,
         8.4130e-02, -1.1439e+00, -9.9876e-02,  5.1406e-01,  8.9682e-02,
         4.5556e-01, -3.7773e+00, -1.0730e+00, -5.0015e-01, -4.1954e-01,
        -4.1481e-01, -1.4340e-01,  4.1151e-02, -1.0568e+00, -5.0159e-01,
         8.9611e-02,  8.4321e-01,  1.9879e-01, -3.4480e-01, -3.5435e-01,
        -9.2411e-01,  2.8012e-01,  3.9927e-01, -5.7941e-01, -8.0255e-01,
         5.8204e-01,  2.5205e-01, -2.8752e-02, -3.3151e-01,  5.2833e-01,
        -2.5265e-02,  7.0167e-01,  1.8068e-01,  9.6061e-01,  3.0839e-01,
         6.8162e-01, -2.5712e-01,  1.5607e+00, -1.1348e-01, -6.4297e-02,
        -2.6528e-01,  2.7619e-01, -1.7808e-01, -1.4879e-01, -1.1009e-01,
        -8.3896e-01, -3.0612e-01, -5.0603e-01, -5.2053e-01, -2.0159e-01,
        -8.7345e-01, -2.2135e-01, -3.9349e-01, -6.5576e-02,  2.9123e-01,
        -6.5513e-01, -9.3331e-02, -5.4910e-01,  1.9295e-01, -7.2860e-01,
         9.9005e-01, -7.3689e-01,  6.8000e-01,  4.3242e-01,  1.5103e+00,
        -2.2645e-01, -7.9289e-01,  2.6291e-01, -4.6631e-01, -5.2290e-01,
        -2.1564e-01, -7.0913e-01,  2.8241e-02,  3.4789e-01, -2.2821e-01,
         6.3529e-01,  1.0769e-01,  3.0177e-01, -4.0245e-01, -1.6335e+00,
        -1.2101e+00,  8.0842e-01,  6.1294e-01, -2.6829e-01, -2.4593e-01,
         1.0744e-01, -6.3130e-01,  3.4994e-01, -1.3790e+00,  6.9718e-01,
         4.7855e-01, -8.8840e-01,  3.4068e-01,  8.5491e-01,  7.3473e-01,
        -7.4250e-01,  6.8418e-01,  1.4760e-01,  1.7390e-01, -2.3089e-01,
         5.6229e-01, -7.5392e-01, -9.5786e-01,  4.8966e-01,  1.2693e+00,
         2.0776e-01,  3.6971e-01, -2.3074e-01, -9.0152e-02, -1.3005e+00,
         1.2882e-01,  1.7586e-01,  9.6441e-01,  6.1760e-01,  3.6993e-01,
        -3.4471e-01,  3.7044e-01,  5.4242e-01, -5.2909e-01,  2.7866e-02,
         3.2399e-01,  3.8959e-01, -8.3360e-01, -6.9414e-01,  8.6470e-01,
        -1.7791e-01, -9.3263e-01, -2.5808e-01,  2.0705e-01, -4.0708e-01,
        -5.8057e-02, -3.3728e-01, -1.4554e-01, -7.8058e-01,  9.5491e-02,
        -2.2466e-01, -1.0557e-01, -7.9355e-01,  9.9616e-02,  6.0645e-01,
         6.2896e-01, -2.7582e-02, -3.1044e-01, -1.3473e-01, -2.6457e-01,
        -7.2219e-02, -1.3365e-01, -7.0104e-01,  2.0727e-01, -3.0183e-01,
         4.1757e-01, -2.5724e-01,  4.3534e-01, -7.6234e-01,  1.0737e-01,
        -4.0234e-01, -6.4171e-01, -7.4258e-01, -1.3989e+00,  3.7010e-01,
        -2.5789e-02, -6.9183e-01, -1.9666e-01, -4.0885e-01, -1.5423e+00,
         1.1622e+00, -4.2979e-01, -8.1896e-01, -1.0057e-01,  6.8989e-01,
         1.1490e-01,  2.0766e-01,  3.1162e-01,  2.0069e-01, -3.4105e-01,
         8.7202e-01, -7.6111e-01,  1.1356e-01,  2.5601e-01,  5.1891e-02,
        -6.8319e-01, -6.4362e-01,  3.0589e-01,  8.0076e-01,  8.8914e-01,
         7.1840e-01,  6.9507e-02, -1.3161e-01, -1.2188e+00, -4.4063e-01,
         1.2370e+00, -2.8523e-01,  4.6959e-01, -4.0443e-01,  1.1006e+00,
         2.2908e-01,  1.8800e-01,  1.5809e-01, -6.9764e-01,  1.0914e+00,
        -2.1011e-01,  4.6406e-01, -1.8607e-01, -9.2026e-01, -2.1705e-01,
        -3.6304e-01, -1.3017e+00,  2.8375e-01, -2.7876e-01,  3.9543e-02,
        -3.8841e-01,  5.4543e-01,  9.9571e-01, -9.1463e-01,  7.3332e-01,
         3.6500e-01, -9.6277e-01, -9.5249e-01, -2.3987e-01, -1.2817e+00,
        -9.0164e-01,  3.2981e-01,  2.0167e+00, -5.3251e-01,  1.7055e-01,
        -1.0540e+00,  1.5145e+00, -4.1287e-01,  2.1229e-01,  8.3955e-01,
         1.1468e-01, -2.7070e-01,  5.5090e-02, -3.3957e-01,  3.4626e-01,
        -1.5097e-01, -3.7800e-01, -1.8952e-01,  1.6202e-01,  7.9598e-02,
        -4.3458e-01, -2.4558e-01,  5.8209e-02, -2.0094e-01,  6.5767e-01,
         4.1272e-01,  4.2813e-02,  1.1597e-01,  5.2282e-01, -2.0424e-01,
        -9.5770e-01,  8.1117e-01, -8.8305e-02,  4.7456e-01, -3.6903e-02,
        -1.4352e-01, -2.5001e-01,  3.9486e-01,  3.8845e-01, -1.4764e+00,
        -4.4656e-01,  1.3398e+00,  7.8439e-01,  5.6319e-01, -8.0325e-01,
         1.8631e-01,  8.3867e-01,  3.0468e-01,  3.7232e-02,  9.1754e-01,
        -4.6370e-01,  1.9785e-02, -9.5064e-02, -7.4757e-01,  1.1945e-01,
        -7.7452e-01,  5.6497e-01,  3.1030e-01,  8.3538e-01, -1.1589e-01,
        -2.4239e-01,  6.9340e-01, -4.1391e-01,  6.2934e-01,  3.6408e-01,
        -1.3095e-01, -1.1010e+00,  1.0199e+00, -1.3723e+00,  1.6237e-01,
        -6.6186e-01, -8.0259e-03, -7.7877e-01, -4.0273e-01,  5.7475e-01,
        -3.5036e-01,  3.3481e-01,  2.8846e-01,  5.4632e-02,  5.8766e-01,
        -7.5781e-02, -8.6684e-01, -5.0177e-04, -1.0304e+00,  8.6267e-01,
        -3.0989e-01,  1.5667e+00,  2.1116e-01,  2.1406e-01, -3.1008e-01,
        -2.6536e-01,  3.1058e-01, -4.1231e-01,  5.7368e-01, -4.4478e-01,
        -7.5077e-01, -7.8537e-01,  4.5429e-01,  2.2219e-01, -1.3032e+00,
        -1.9487e-01, -2.8583e-01, -7.5837e-02,  5.1789e-01, -2.2364e-01,
         4.1526e-01, -3.3719e-01,  8.8814e-01, -1.8208e-01,  2.5226e-02,
         6.5829e-01,  3.5259e-01, -3.8894e-01,  9.5381e-01, -2.7532e-01,
        -6.1743e-01,  5.4097e-01, -1.4103e-01,  6.9741e-01,  3.0776e-01,
         1.0699e+00,  1.9739e-01, -1.5719e-03,  5.1764e-01,  1.3914e-02,
        -2.2592e-02,  8.8097e-01,  8.4398e-02, -1.2389e+00,  5.4830e-01,
        -8.9569e-01, -1.3471e+00,  8.4121e-02, -2.2433e-01, -6.5824e-01,
         3.0763e-01, -4.1317e-01,  1.0152e+00, -2.8607e+00,  1.3609e-01,
         3.4390e-01,  2.6641e-01,  1.7855e-01, -6.8633e-01,  2.9029e-01,
         9.1535e-01, -1.2193e+00,  7.8062e-01, -4.2904e-01,  3.4727e-01,
        -5.2788e-01,  4.6931e-01, -4.5610e-01,  6.8118e-01,  5.6770e-01,
        -4.5975e-01,  5.0888e-01, -9.6978e-01,  1.2153e+00,  8.5506e-01,
        -4.4950e-01, -8.0545e-01,  1.1066e-01, -1.3801e-02, -7.4952e-01,
        -2.6658e-02, -1.3782e-01,  4.3064e-01,  1.1447e+00, -9.1060e-02,
         1.2336e-02, -9.4781e-01, -5.6291e-01], grad_fn=<AddBackward0>)
LAYER_EMBEDDING 1tensor([-3.4153e-01, -1.8746e-01,  1.0192e+00, -1.0649e+00,  3.3221e-02,
         7.0697e-01,  2.8395e-01,  2.5111e-01, -1.4649e+00, -2.0070e+00,
        -4.3496e-02, -2.9878e-01,  1.0946e-01,  5.4532e-01, -9.4063e-01,
         1.1417e+00, -3.4846e-01, -5.5809e-02, -8.8241e-01,  1.0367e+00,
        -4.8258e-02, -5.2016e-01, -4.8353e-01, -4.4788e-01, -8.1307e-02,
        -4.3466e-01, -1.3181e-01,  3.6485e-01,  3.2521e-01,  5.5026e-01,
        -5.2398e-01, -1.2577e-01,  7.0837e-03, -8.5921e-01, -7.0747e-01,
         2.5741e-01, -1.1881e-01,  1.8070e-01, -1.6347e+00,  1.0566e-01,
         1.1708e-01, -1.0745e+00,  1.1447e+00, -6.0935e-01, -3.6157e-01,
        -2.6689e-01,  1.1019e+00, -1.6878e-01, -3.0389e-01, -1.3543e+00,
        -7.8878e-01,  1.0921e-01, -1.8355e+00, -4.4330e-01,  3.8513e-01,
        -5.5575e-01,  5.2344e-01, -1.1978e+00,  5.7131e-01, -2.5326e-01,
        -5.1847e-01, -5.5762e-01,  1.6160e+00, -7.6185e-01, -4.7882e-02,
         4.1891e-01,  1.0024e+00, -4.6963e-01, -3.1792e-01,  4.6568e-01,
        -9.9245e-02, -3.8266e-01,  3.3794e-01,  5.3240e-01,  5.6345e-01,
        -4.7918e-01,  6.7645e-01,  7.5642e-01, -4.0837e-01, -4.2032e-01,
         2.3721e-01, -2.0353e-01,  4.7549e-01,  6.8959e-01, -9.6969e-02,
        -2.4617e-01,  1.3863e+00,  1.0553e+00, -1.2863e+00,  1.7342e-01,
         6.0234e-02, -2.1932e-01, -7.3353e-01, -3.5001e-01, -7.5625e-02,
        -7.4261e-02, -1.7017e-01,  6.7664e-01, -7.2355e-01,  4.9624e-01,
         5.3149e-01,  3.0660e-01, -2.4420e-01,  2.1975e-01, -4.6931e-02,
         1.6250e+00,  1.6039e-01, -1.7793e+00, -5.9755e-01, -1.3295e-02,
         2.8457e-03,  9.7082e-02,  3.1101e-01, -7.5441e-01,  3.9001e-01,
         1.0955e+00, -1.0983e-01,  3.5422e-01,  3.9025e-01, -6.4767e-01,
        -5.0365e-01,  5.5871e-01, -5.2124e-01, -2.2159e-01,  7.4956e-01,
        -2.0567e-01, -4.3612e-01,  4.7343e-01, -4.0469e-01, -7.6712e-02,
        -7.0552e-02,  1.2393e-01,  1.5399e-01,  5.9980e-01,  7.3989e-02,
        -4.3292e-01,  2.7653e-02, -1.0124e-01, -3.8106e-01, -4.6656e-01,
        -5.5387e-01,  9.9238e-01,  9.0698e-01,  4.0261e-01,  5.6509e-01,
        -2.0097e-01, -8.0141e-01,  6.6479e-01, -7.9157e-01, -6.5113e-02,
        -6.1846e-01, -3.4286e-01,  1.4580e-01,  8.5948e-01, -6.7947e-01,
        -5.2697e-01, -1.1987e+00, -4.7480e-01, -1.1061e-01,  1.1006e+00,
         1.0399e+00,  4.5877e-01,  4.7884e-01,  3.3661e-01,  1.0505e+00,
        -9.5784e-02, -1.2518e-01, -9.3634e-02,  8.2551e-01,  6.6592e-01,
         5.2800e-01, -1.1920e-01, -6.3001e-01,  2.8672e-02,  9.6133e-01,
         2.8165e-01,  1.3029e+00,  4.5915e-02, -7.3732e-01, -1.6516e-01,
        -2.5013e-01, -5.8708e-01,  2.9983e-02, -6.2337e-01,  6.6092e-01,
         8.5939e-01,  8.9698e-01, -1.0800e+00, -8.9860e-01,  1.0484e+00,
         5.6250e-02,  1.4573e-01, -4.3702e-01,  1.0247e-01, -3.1063e-01,
        -2.5922e-01,  7.7626e-01, -1.2917e+00,  2.7287e-01,  5.1629e-01,
         8.1502e-01,  1.0490e+00, -1.0918e-01, -3.0708e-02, -3.0842e-01,
         2.5252e-01,  2.3278e-02, -2.1770e-01,  6.1452e-02,  6.5235e-01,
        -9.6655e-01,  7.0881e-02,  3.6838e-01,  1.0101e+00,  9.3913e-01,
         5.7614e-01, -5.6527e-01, -2.1231e-01, -3.7944e-01,  5.8058e-01,
        -3.9239e-02, -2.3881e-01,  8.1476e-01,  8.2924e-01, -3.6228e-01,
         1.1699e+00,  1.5790e+00, -3.9635e-01,  1.1061e+00,  1.2393e+00,
         1.0063e+00, -1.2494e-01,  8.9274e-01, -4.5324e-01, -3.9274e-02,
        -5.4894e-02,  6.1302e-02, -8.5678e-01, -2.7319e-01,  4.5806e-01,
        -6.5781e-01,  1.6334e-01,  4.4109e-01,  5.5211e-01,  7.0702e-01,
        -1.7700e-02,  2.9756e-01, -3.0528e-01, -1.5778e-01,  1.2064e-01,
        -6.0425e-01, -8.4839e-01,  3.4781e-01, -9.3659e-01,  2.0160e-01,
        -2.0619e-01,  3.8451e-01,  3.9709e-01,  4.4645e-01, -7.0690e-01,
         1.2319e+00,  1.5123e-01,  4.9071e-02,  2.2725e-01, -1.2072e-02,
         4.8022e-01, -3.8199e-01, -3.3744e-01,  5.3006e-01, -5.4979e-01,
         3.0525e-02,  2.8592e-01, -8.1887e-02,  1.0748e+00,  4.3279e-02,
        -1.6141e+00,  4.0601e-02, -5.4412e-01,  5.9763e-01, -1.2975e+00,
        -8.4132e-01,  9.2392e-01, -1.5347e+00, -7.7325e-01,  1.4639e+00,
         2.3033e-01, -2.0690e-01, -1.9316e+00,  5.6074e-02,  7.6604e-01,
         9.5101e-02,  5.5366e-01,  2.0390e-01,  7.3969e-02,  1.3898e+00,
        -3.7381e-01,  5.7529e-01,  1.1690e+00, -4.2727e-01,  2.0594e-01,
         1.3440e-01,  1.2803e+00, -2.6782e-01, -1.0577e+00, -1.0486e+00,
         8.2346e-01, -4.0988e-01, -1.5022e+00, -6.7859e+00, -4.8563e-01,
         2.6575e-01, -2.3466e-01, -5.7291e-01, -5.2760e-02,  5.6934e-01,
         7.8538e-01, -3.0389e-02,  3.6271e-01, -1.1887e-01,  2.6178e-01,
        -3.8284e-01, -7.9327e-01, -1.0305e-01, -8.2856e-01,  7.0765e-01,
        -2.4899e-01, -2.7345e-01, -8.6930e-02,  7.5047e-01, -9.2596e-01,
         2.0761e-01, -6.8584e-01,  9.6771e-01,  7.9247e-01,  1.2671e+00,
        -3.1956e-01, -3.8494e-01,  9.5454e-01, -1.0414e+00, -1.2882e+00,
        -1.3983e-01,  9.7227e-01,  2.9855e-01,  7.5433e-02,  5.1323e-01,
        -2.7118e-01, -2.6511e-01, -5.9420e-02,  4.1102e-01, -5.9835e-01,
        -1.0046e-01,  1.5860e-01,  7.4592e-01, -7.0680e-01, -6.4862e-02,
        -5.4738e-01, -8.1158e-01,  5.4195e-01, -1.0191e+00,  2.8691e-01,
         9.4608e-01, -1.1484e+00,  1.3134e+00, -3.3372e-01,  3.1494e-01,
         1.4340e+00, -9.0709e-02, -1.5970e+00, -1.2384e-01, -3.0335e-02,
        -6.0335e-02, -3.7990e-01, -6.3841e-01, -5.6070e-02, -1.7678e+00,
         2.8920e-02, -8.8071e-01, -3.5233e-01,  3.8183e-01,  1.1005e-01,
         5.9373e-01, -3.4240e+00, -8.2923e-01, -4.5440e-01, -1.6492e-01,
        -6.4927e-01,  5.4460e-02, -5.5621e-03, -1.3167e+00, -9.4996e-01,
         2.9404e-01,  9.1851e-01,  5.0449e-01, -5.2874e-01, -5.6322e-01,
        -9.8428e-01,  5.5929e-01,  4.3262e-01, -3.2952e-01, -5.5339e-01,
         4.9620e-01,  3.8033e-01,  5.0826e-02, -3.3517e-01,  7.1835e-01,
         3.0404e-02,  4.7318e-01,  3.5165e-01,  6.8178e-01,  1.3740e-01,
         7.1282e-01, -1.6684e-02,  1.8037e+00,  2.5694e-01, -3.6015e-01,
        -6.4875e-02,  1.9098e-01, -1.3249e-01, -2.1344e-01, -8.9637e-02,
        -8.4061e-01,  2.0198e-01, -4.7195e-01, -6.0642e-01,  2.3557e-02,
        -4.4484e-01, -6.3831e-01, -5.2540e-01,  9.0308e-01,  1.1327e+00,
        -8.6448e-01,  5.3136e-01, -6.4553e-01, -1.1005e-01, -5.7562e-01,
         8.5884e-01, -3.8741e-01,  5.6053e-01,  6.4103e-01,  1.2327e+00,
        -1.8888e-01, -6.8886e-01,  3.3105e-01, -2.1248e-01, -7.1676e-01,
        -6.3364e-01, -8.0149e-01,  7.2763e-02, -2.5258e-01, -6.4496e-02,
         6.7816e-01, -3.5176e-01,  3.3443e-01, -5.8100e-01, -1.2788e+00,
        -1.3147e+00,  4.8715e-01,  2.9307e-01, -9.5492e-02, -7.3931e-01,
         7.0930e-01, -5.2353e-01,  2.7512e-01, -1.2970e+00,  5.4388e-01,
        -1.0716e-01, -6.3040e-01,  1.6938e-01,  8.3655e-01,  5.6422e-01,
        -5.0123e-01,  7.0749e-01,  2.9267e-01,  5.4663e-01, -2.3842e-01,
         4.6127e-01, -5.7993e-01, -1.1841e+00,  3.2017e-01,  1.1442e+00,
         3.5771e-01,  6.0871e-02, -1.6268e-01,  2.0230e-01, -1.0498e+00,
         1.9166e-01,  1.8106e-01,  5.3520e-01,  6.5490e-01,  5.9005e-01,
        -5.2462e-01,  4.7680e-01,  3.1988e-01, -4.0106e-01, -5.4984e-01,
        -5.1793e-02,  4.7081e-01, -3.6890e-01, -7.1833e-01,  1.0344e+00,
        -3.4822e-01, -7.9891e-01,  2.0997e-02, -8.5398e-02, -5.0057e-01,
        -5.1663e-02, -1.5666e-01,  1.4058e-01, -9.6700e-01,  2.0336e-01,
        -9.8491e-01, -1.0654e-01, -9.0616e-01,  3.4450e-01,  1.8692e-01,
         4.9786e-01, -5.2041e-02,  3.0808e-02,  5.9956e-02, -6.0532e-01,
        -1.1087e-01,  1.6542e-01, -2.6494e-01,  9.3741e-01, -3.9879e-01,
         3.8096e-01, -4.9578e-01,  1.5206e-01, -4.5858e-01,  6.9412e-01,
        -2.4132e-01, -6.9658e-01, -8.2386e-01, -2.0726e+00,  6.8210e-01,
         2.7828e-01, -4.9148e-01, -1.1290e-01, -5.6434e-01, -1.2686e+00,
         1.1124e+00, -6.4762e-01, -1.2603e+00, -5.3270e-01,  6.3732e-01,
         1.4889e-01,  1.3016e-02,  5.5013e-01,  1.7463e-01, -2.1116e-01,
         7.6915e-01, -8.4168e-01,  2.2943e-01,  2.5014e-01, -5.2580e-02,
        -2.5162e-01, -2.3057e-01,  2.9115e-01,  1.2759e+00,  1.0210e+00,
         8.0262e-01,  2.6458e-01, -5.6269e-01, -9.2228e-01, -2.1339e-01,
         9.0145e-01, -1.9365e-01,  5.8962e-01, -7.0532e-01,  5.6666e-01,
         8.8149e-01,  2.8992e-01,  5.9497e-01, -6.0247e-01,  9.8334e-01,
        -2.8283e-02,  1.3626e-01, -5.1091e-02, -1.7311e+00,  1.1164e-01,
        -2.8396e-01, -1.5027e+00,  1.7082e-01, -2.9728e-01,  5.6483e-02,
        -8.8467e-01,  3.9773e-01,  1.0998e+00, -5.0497e-01,  1.0425e+00,
         6.0925e-02, -9.4385e-01, -5.3822e-01, -2.9795e-01, -1.3593e+00,
        -7.2571e-01,  5.7994e-01,  1.6467e+00, -5.4613e-01, -3.1326e-02,
        -1.1386e+00,  1.3508e+00, -4.0406e-01,  3.2809e-01,  7.1442e-01,
         5.3722e-01, -7.7549e-01,  1.5230e-01, -2.6393e-02,  3.8137e-01,
        -2.2864e-01, -3.4263e-01, -1.2680e-01, -7.2771e-02,  2.9433e-01,
        -5.1594e-01, -3.3450e-01, -4.0908e-01,  5.6466e-02,  5.1687e-01,
         5.3841e-01, -5.1105e-01, -2.9309e-01,  1.1422e+00, -4.8081e-01,
        -8.0273e-01,  7.7811e-01,  3.8923e-02,  6.3491e-01,  3.0292e-01,
        -5.2542e-01, -1.2248e-01, -1.4689e-01,  1.9811e-01, -1.6419e+00,
        -6.3497e-01,  1.3213e+00,  9.1312e-01,  5.9358e-01, -8.3134e-01,
        -6.3533e-02,  5.9905e-01,  4.0691e-01, -1.2992e-01,  1.4855e+00,
        -6.5350e-01,  4.7516e-01,  6.7573e-02, -5.0556e-01,  5.1668e-01,
        -7.4184e-01,  3.1971e-01,  3.8369e-01,  3.5909e-01, -3.9709e-01,
        -4.5762e-01,  5.2433e-01, -6.9406e-01,  7.3588e-01,  6.6734e-01,
        -4.1869e-01, -1.1246e+00,  6.9977e-01, -1.1139e+00, -3.7074e-01,
        -5.3435e-01, -5.2748e-01, -5.2055e-01, -1.8985e-01,  5.4957e-01,
        -7.3201e-01,  4.0024e-01,  1.2978e-01,  1.1179e-01,  8.9961e-01,
        -9.9006e-02, -4.2127e-01, -4.0715e-01, -9.9563e-01,  4.7683e-01,
        -1.2282e-02,  1.4104e+00,  8.5903e-02,  6.1396e-01, -1.6084e-01,
        -6.0071e-01,  1.0005e-01, -1.2084e-01,  6.4221e-01, -4.4634e-01,
        -2.6785e-01, -7.2504e-01,  1.4704e-01,  1.7234e-01, -1.0381e+00,
        -3.3082e-01, -2.2989e-01, -5.6743e-02,  1.0845e+00, -1.0516e-01,
         4.0000e-01, -9.5601e-02,  8.5988e-01, -7.4069e-01, -2.8314e-01,
         7.0030e-01,  4.6780e-01, -7.5071e-01,  1.2393e+00, -5.1099e-02,
        -1.6663e-03,  6.8079e-01, -3.1645e-01,  6.3725e-01,  9.8010e-02,
         1.0132e+00,  2.9319e-01, -6.5803e-01,  6.9168e-01,  3.9593e-01,
         5.0958e-02,  1.0924e+00,  4.4301e-01, -1.2855e+00, -2.4019e-01,
        -6.3413e-01, -1.3670e+00, -4.0906e-01, -6.0303e-02, -5.6223e-01,
         2.8982e-01, -7.9956e-01,  7.5920e-01, -2.9402e+00,  1.5183e-01,
         2.3305e-01,  2.5505e-01, -3.2233e-02, -7.0929e-01,  3.4051e-01,
         1.2127e+00, -1.2758e+00,  8.4082e-01, -2.3473e-01,  5.6682e-01,
        -7.0557e-01,  8.6919e-01, -3.4714e-01,  3.3443e-01,  8.4990e-01,
        -7.1088e-01,  7.9095e-01, -6.8099e-01,  1.1200e+00,  3.3137e-01,
        -5.1080e-01, -2.3897e-01, -5.5625e-01, -2.5328e-02, -8.6789e-01,
         3.8101e-01, -3.8579e-01,  3.9617e-01,  1.4416e+00, -3.4830e-01,
        -2.8989e-01, -8.0967e-01, -2.6565e-01], grad_fn=<SelectBackward>)
TGT EMBEDDING 1tensor([-4.5753e-01,  2.8279e-01,  2.2134e+00, -1.8518e+00,  1.3274e-01,
         6.5950e-01,  4.0411e-01,  5.3367e-01, -3.0786e+00, -3.6707e+00,
        -2.7564e-01, -2.1810e-01,  2.5750e-01,  1.3494e+00, -1.3006e+00,
         1.7419e+00, -1.4793e-01, -1.5568e-01, -1.6249e+00,  2.2699e+00,
         7.3689e-02, -5.2526e-01, -7.5436e-01, -9.3795e-01, -4.4615e-03,
        -7.9151e-01, -3.5787e-01,  1.1851e+00,  5.8523e-01,  4.8256e-01,
        -9.0771e-01, -7.5051e-01, -4.4805e-02, -1.9432e+00, -1.7200e+00,
         2.3663e-01, -4.2054e-01,  5.0492e-01, -2.9592e+00,  7.8195e-03,
         4.8590e-01, -2.0934e+00,  2.7360e+00, -9.9344e-01, -1.0035e+00,
        -2.7931e-01,  1.8570e+00, -3.1915e-01, -7.2210e-01, -2.9119e+00,
        -1.3194e+00,  3.2229e-01, -3.4301e+00, -7.9853e-01,  8.1634e-01,
        -1.1093e+00,  7.3536e-01, -2.6456e+00,  1.3025e+00, -2.7155e-01,
        -1.0536e+00, -5.0540e-01,  2.9774e+00, -1.1785e+00, -3.6288e-01,
         5.5063e-01,  1.7736e+00, -1.0217e+00, -3.8974e-01,  8.9624e-01,
        -2.2564e-02, -2.6176e-01,  1.0194e+00,  1.0686e+00,  4.5003e-01,
        -1.2427e+00,  1.3794e+00,  1.2554e+00, -7.4145e-01, -7.9298e-01,
         2.5490e-01, -2.0918e-01,  1.3073e+00,  1.0377e+00,  7.3825e-01,
        -3.4030e-01,  2.7336e+00,  2.1090e+00, -2.9041e+00,  1.2772e-01,
         1.3834e-01, -4.2866e-01, -1.6266e+00, -3.6545e-01, -1.6489e-01,
         2.5547e-01, -6.3299e-01,  5.4050e-01, -1.7528e+00,  1.3133e+00,
         1.2084e+00,  1.8147e-01, -4.4848e-01,  4.9450e-01, -1.9587e-01,
         2.6914e+00,  3.6634e-03, -3.1920e+00, -8.4347e-01, -2.6843e-01,
        -2.9854e-02,  4.0682e-02,  6.5960e-01, -1.5885e+00,  3.5492e-01,
         1.9556e+00, -3.9307e-03,  8.3931e-01,  2.8611e-01, -1.5340e+00,
        -7.1369e-01,  1.2126e+00, -7.9912e-01, -2.8397e-01,  1.0614e+00,
        -8.0726e-01, -5.5718e-01,  1.2772e+00, -1.1348e+00, -2.2977e-01,
         1.2290e-01,  5.1271e-02,  5.7577e-02,  1.1967e+00,  2.4824e-01,
        -8.0929e-01, -7.5811e-02,  2.9374e-02, -8.7131e-01, -7.8930e-01,
        -1.0604e+00,  2.3817e+00,  2.0502e+00,  7.2110e-01,  9.5321e-01,
        -1.8045e-01, -1.1753e+00,  1.0644e+00, -1.9055e+00, -2.1333e-01,
        -7.7428e-01, -9.2661e-01, -1.3354e-01,  1.5301e+00, -9.0776e-01,
        -6.0584e-01, -2.6472e+00, -1.0314e+00, -3.3686e-01,  2.1725e+00,
         1.9669e+00,  1.1224e+00,  5.6795e-01,  8.0312e-01,  2.0651e+00,
        -1.3704e-01, -2.4033e-01, -4.8778e-01,  1.3781e+00,  1.0963e+00,
         1.1019e+00, -1.5182e-01, -9.2115e-01,  2.8904e-01,  2.2012e+00,
         8.1803e-01,  2.7592e+00, -2.3416e-01, -1.1152e+00, -6.3785e-02,
        -5.2628e-01, -1.1295e+00, -2.8650e-01, -1.0699e+00,  1.6144e+00,
         1.1117e+00,  1.7806e+00, -2.2917e+00, -1.2107e+00,  1.8965e+00,
         1.2493e-01,  1.7506e-01, -5.5568e-01,  5.5409e-02, -6.1566e-02,
        -5.2102e-01,  2.0605e+00, -2.0439e+00,  7.7768e-01,  6.3298e-01,
         1.6248e+00,  1.8241e+00, -4.0647e-02, -1.9267e-01, -6.1062e-01,
         3.2083e-01,  8.1859e-03, -6.8140e-01, -3.2855e-01,  9.1376e-01,
        -1.6725e+00, -1.2524e-01,  1.0340e+00,  1.9026e+00,  1.7530e+00,
         7.0401e-01, -1.1166e+00, -2.6961e-01, -6.5054e-01,  1.2596e+00,
        -6.1699e-02, -4.6219e-01,  1.5670e+00,  1.3428e+00, -9.7829e-01,
         1.9144e+00,  3.0406e+00, -1.1029e+00,  2.0732e+00,  2.3237e+00,
         1.0772e+00, -1.9179e-02,  1.5230e+00, -8.1376e-01, -1.7830e-02,
        -8.2047e-02,  4.2649e-01, -1.2937e+00, -5.5005e-01,  1.0928e+00,
        -1.1996e+00,  2.5593e-01,  9.6572e-01,  7.7614e-01,  1.8007e+00,
        -1.5946e-01,  5.2798e-02, -3.9697e-01, -5.3657e-01,  3.5014e-01,
        -6.2168e-01, -1.3447e+00,  6.0850e-01, -1.8034e+00,  6.4028e-01,
        -4.5957e-01,  1.5918e-01,  7.2911e-01,  7.8832e-01, -1.1811e+00,
         2.2070e+00, -2.1140e-01,  1.7533e-01,  3.7461e-01, -2.3151e-01,
         7.9494e-01, -1.0776e+00, -5.6305e-01,  1.3700e+00, -1.2581e+00,
         1.1803e-01,  3.7848e-01,  2.5658e-01,  1.7921e+00, -1.0737e-01,
        -3.2563e+00,  1.9898e-01, -1.1355e+00,  1.1424e+00, -2.7059e+00,
        -1.1951e+00,  2.1772e+00, -3.3918e+00, -1.2254e+00,  2.8559e+00,
         2.0035e-01, -7.1218e-01, -3.3259e+00,  3.5526e-01,  1.2276e+00,
         1.2639e-01,  1.1488e+00,  6.6115e-01,  1.6761e-01,  2.5700e+00,
        -9.8755e-01,  1.1857e+00,  2.3169e+00, -1.1107e+00,  3.4969e-01,
         9.5970e-01,  2.4662e+00, -3.1745e-01, -2.4560e+00, -1.7139e+00,
         1.4622e+00, -9.3726e-01, -2.7744e+00, -1.2462e+01, -1.3080e+00,
         7.1104e-01, -4.3123e-01, -1.0026e+00, -4.0656e-01,  8.9759e-01,
         1.5429e+00, -1.4024e-01,  8.7546e-01, -2.3495e-01,  3.0914e-01,
        -7.9926e-01, -1.8634e+00, -2.5909e-01, -1.5789e+00,  9.2164e-01,
        -2.3406e-01, -7.0799e-01, -1.7395e-01,  1.0714e+00, -1.7507e+00,
        -8.0105e-02, -1.4374e+00,  1.5559e+00,  1.6227e+00,  2.4711e+00,
        -7.4398e-01, -6.2798e-01,  1.9690e+00, -2.3015e+00, -2.2902e+00,
        -5.7919e-01,  1.9779e+00,  1.0936e+00,  2.1341e-01,  1.1752e+00,
        -8.7819e-01, -2.9400e-01,  2.7345e-01,  7.3709e-01, -9.7533e-01,
        -6.7574e-01,  4.5610e-01,  1.3068e+00, -9.7011e-01, -2.1439e-01,
        -1.0142e+00, -7.3778e-01,  1.5150e+00, -1.7590e+00,  3.9634e-01,
         1.8479e+00, -1.9670e+00,  2.3776e+00, -6.2330e-01,  1.0216e+00,
         2.8643e+00, -3.3316e-01, -3.1318e+00, -3.3932e-01, -5.5348e-02,
        -2.4793e-01, -1.1353e+00, -9.6513e-01,  2.5845e-01, -2.9409e+00,
         1.1305e-01, -2.0246e+00, -4.5221e-01,  8.9589e-01,  1.9973e-01,
         1.0493e+00, -7.2013e+00, -1.9023e+00, -9.5455e-01, -5.8446e-01,
        -1.0641e+00, -8.8938e-02,  3.5589e-02, -2.3735e+00, -1.4516e+00,
         3.8365e-01,  1.7617e+00,  7.0328e-01, -8.7353e-01, -9.1757e-01,
        -1.9084e+00,  8.3941e-01,  8.3189e-01, -9.0893e-01, -1.3559e+00,
         1.0782e+00,  6.3238e-01,  2.2075e-02, -6.6668e-01,  1.2467e+00,
         5.1388e-03,  1.1748e+00,  5.3233e-01,  1.6424e+00,  4.4579e-01,
         1.3944e+00, -2.7381e-01,  3.3644e+00,  1.4346e-01, -4.2444e-01,
        -3.3015e-01,  4.6717e-01, -3.1056e-01, -3.6223e-01, -1.9972e-01,
        -1.6796e+00, -1.0414e-01, -9.7797e-01, -1.1269e+00, -1.7804e-01,
        -1.3183e+00, -8.5966e-01, -9.1890e-01,  8.3751e-01,  1.4239e+00,
        -1.5196e+00,  4.3802e-01, -1.1946e+00,  8.2906e-02, -1.3042e+00,
         1.8489e+00, -1.1243e+00,  1.2405e+00,  1.0734e+00,  2.7430e+00,
        -4.1533e-01, -1.4817e+00,  5.9396e-01, -6.7880e-01, -1.2397e+00,
        -8.4928e-01, -1.5106e+00,  1.0100e-01,  9.5316e-02, -2.9271e-01,
         1.3134e+00, -2.4408e-01,  6.3620e-01, -9.8345e-01, -2.9122e+00,
        -2.5247e+00,  1.2956e+00,  9.0600e-01, -3.6379e-01, -9.8524e-01,
         8.1673e-01, -1.1548e+00,  6.2506e-01, -2.6760e+00,  1.2411e+00,
         3.7139e-01, -1.5188e+00,  5.1006e-01,  1.6915e+00,  1.2990e+00,
        -1.2437e+00,  1.3917e+00,  4.4027e-01,  7.2053e-01, -4.6931e-01,
         1.0236e+00, -1.3339e+00, -2.1420e+00,  8.0983e-01,  2.4135e+00,
         5.6548e-01,  4.3058e-01, -3.9342e-01,  1.1215e-01, -2.3503e+00,
         3.2047e-01,  3.5691e-01,  1.4996e+00,  1.2725e+00,  9.5998e-01,
        -8.6933e-01,  8.4724e-01,  8.6230e-01, -9.3015e-01, -5.2198e-01,
         2.7220e-01,  8.6040e-01, -1.2025e+00, -1.4125e+00,  1.8991e+00,
        -5.2613e-01, -1.7315e+00, -2.3708e-01,  1.2165e-01, -9.0765e-01,
        -1.0972e-01, -4.9394e-01, -4.9579e-03, -1.7476e+00,  2.9885e-01,
        -1.2096e+00, -2.1212e-01, -1.6997e+00,  4.4411e-01,  7.9337e-01,
         1.1268e+00, -7.9623e-02, -2.7963e-01, -7.4776e-02, -8.6989e-01,
        -1.8309e-01,  3.1764e-02, -9.6598e-01,  1.1447e+00, -7.0061e-01,
         7.9853e-01, -7.5303e-01,  5.8739e-01, -1.2209e+00,  8.0149e-01,
        -6.4366e-01, -1.3383e+00, -1.5664e+00, -3.4715e+00,  1.0522e+00,
         2.5249e-01, -1.1833e+00, -3.0956e-01, -9.7319e-01, -2.8109e+00,
         2.2746e+00, -1.0774e+00, -2.0792e+00, -6.3327e-01,  1.3272e+00,
         2.6379e-01,  2.2067e-01,  8.6175e-01,  3.7532e-01, -5.5221e-01,
         1.6412e+00, -1.6028e+00,  3.4299e-01,  5.0615e-01, -6.8951e-04,
        -9.3480e-01, -8.7419e-01,  5.9704e-01,  2.0767e+00,  1.9102e+00,
         1.5210e+00,  3.3408e-01, -6.9430e-01, -2.1410e+00, -6.5402e-01,
         2.1385e+00, -4.7888e-01,  1.0592e+00, -1.1098e+00,  1.6672e+00,
         1.1106e+00,  4.7792e-01,  7.5306e-01, -1.3001e+00,  2.0747e+00,
        -2.3839e-01,  6.0032e-01, -2.3717e-01, -2.6514e+00, -1.0541e-01,
        -6.4700e-01, -2.8044e+00,  4.5456e-01, -5.7604e-01,  9.6025e-02,
        -1.2731e+00,  9.4316e-01,  2.0955e+00, -1.4196e+00,  1.7758e+00,
         4.2593e-01, -1.9066e+00, -1.4907e+00, -5.3782e-01, -2.6410e+00,
        -1.6274e+00,  9.0975e-01,  3.6634e+00, -1.0786e+00,  1.3923e-01,
        -2.1926e+00,  2.8653e+00, -8.1693e-01,  5.4038e-01,  1.5540e+00,
         6.5190e-01, -1.0462e+00,  2.0739e-01, -3.6596e-01,  7.2763e-01,
        -3.7961e-01, -7.2063e-01, -3.1632e-01,  8.9250e-02,  3.7393e-01,
        -9.5052e-01, -5.8009e-01, -3.5087e-01, -1.4447e-01,  1.1745e+00,
         9.5114e-01, -4.6823e-01, -1.7711e-01,  1.6650e+00, -6.8505e-01,
        -1.7604e+00,  1.5893e+00, -4.9382e-02,  1.1095e+00,  2.6601e-01,
        -6.6895e-01, -3.7249e-01,  2.4797e-01,  5.8657e-01, -3.1183e+00,
        -1.0815e+00,  2.6611e+00,  1.6975e+00,  1.1568e+00, -1.6346e+00,
         1.2278e-01,  1.4377e+00,  7.1159e-01, -9.2688e-02,  2.4031e+00,
        -1.1172e+00,  4.9495e-01, -2.7491e-02, -1.2531e+00,  6.3613e-01,
        -1.5164e+00,  8.8468e-01,  6.9398e-01,  1.1945e+00, -5.1298e-01,
        -7.0001e-01,  1.2177e+00, -1.1080e+00,  1.3652e+00,  1.0314e+00,
        -5.4964e-01, -2.2256e+00,  1.7197e+00, -2.4862e+00, -2.0837e-01,
        -1.1962e+00, -5.3551e-01, -1.2993e+00, -5.9258e-01,  1.1243e+00,
        -1.0824e+00,  7.3505e-01,  4.1824e-01,  1.6642e-01,  1.4873e+00,
        -1.7479e-01, -1.2881e+00, -4.0766e-01, -2.0260e+00,  1.3395e+00,
        -3.2217e-01,  2.9771e+00,  2.9706e-01,  8.2802e-01, -4.7092e-01,
        -8.6607e-01,  4.1062e-01, -5.3316e-01,  1.2159e+00, -8.9112e-01,
        -1.0186e+00, -1.5104e+00,  6.0133e-01,  3.9453e-01, -2.3413e+00,
        -5.2569e-01, -5.1572e-01, -1.3258e-01,  1.6024e+00, -3.2880e-01,
         8.1527e-01, -4.3279e-01,  1.7480e+00, -9.2276e-01, -2.5792e-01,
         1.3586e+00,  8.2039e-01, -1.1396e+00,  2.1931e+00, -3.2642e-01,
        -6.1909e-01,  1.2218e+00, -4.5748e-01,  1.3347e+00,  4.0577e-01,
         2.0831e+00,  4.9059e-01, -6.5960e-01,  1.2093e+00,  4.0985e-01,
         2.8366e-02,  1.9734e+00,  5.2741e-01, -2.5244e+00,  3.0811e-01,
        -1.5298e+00, -2.7140e+00, -3.2494e-01, -2.8464e-01, -1.2205e+00,
         5.9745e-01, -1.2127e+00,  1.7744e+00, -5.8009e+00,  2.8792e-01,
         5.7696e-01,  5.2146e-01,  1.4632e-01, -1.3956e+00,  6.3080e-01,
         2.1280e+00, -2.4950e+00,  1.6214e+00, -6.6377e-01,  9.1409e-01,
        -1.2334e+00,  1.3385e+00, -8.0324e-01,  1.0156e+00,  1.4176e+00,
        -1.1706e+00,  1.2998e+00, -1.6508e+00,  2.3353e+00,  1.1864e+00,
        -9.6030e-01, -1.0444e+00, -4.4560e-01, -3.9129e-02, -1.6174e+00,
         3.5435e-01, -5.2361e-01,  8.2680e-01,  2.5863e+00, -4.3936e-01,
        -2.7756e-01, -1.7575e+00, -8.2856e-01], grad_fn=<AddBackward0>)
LAYER_EMBEDDING 2tensor([-2.5700e-01,  4.1667e-02,  6.3660e-01, -1.1406e+00, -3.2888e-01,
         5.6106e-01,  1.2861e-01,  9.1369e-01, -1.4354e+00, -1.4698e+00,
        -2.0750e-01, -7.4693e-01,  3.2884e-01,  7.1325e-01, -7.5512e-01,
         1.1417e+00, -5.1303e-01, -5.5343e-02, -9.0949e-01,  1.0366e+00,
         9.4193e-02, -2.2055e-01, -5.7173e-01,  1.5375e-01, -1.2365e-01,
        -5.0681e-01, -2.9538e-01,  3.5963e-01,  1.5790e-01,  1.6930e-01,
        -2.3854e-01,  5.1633e-01, -2.4388e-01, -5.6684e-01, -7.0742e-01,
        -4.0430e-02, -1.3356e-01,  3.5490e-01, -1.4991e+00,  2.1629e-01,
         7.8645e-02, -1.0437e+00,  1.2916e+00, -3.7369e-01, -1.2676e-01,
        -3.2775e-01,  6.9212e-01, -3.6813e-01, -4.3209e-03, -1.3546e+00,
        -4.3004e-01,  4.8771e-01, -1.3868e+00, -2.3437e-01,  3.6875e-01,
        -3.7226e-01,  6.8228e-02, -1.0971e+00,  3.3614e-01, -1.4989e-01,
        -7.8074e-01, -4.8340e-01,  1.3795e+00, -5.8426e-01, -2.6458e-03,
         6.1943e-01,  8.0065e-01, -5.7511e-02, -2.3134e-01,  2.7966e-01,
        -3.6226e-01, -2.8519e-01,  4.2534e-01,  4.0886e-01,  1.4984e-01,
        -4.9242e-01,  6.3783e-01,  5.2928e-01, -1.1165e+00, -4.7834e-01,
         9.1254e-02, -2.8459e-02,  1.1630e-01,  5.5306e-01, -1.9836e-01,
        -8.5486e-02,  1.1474e+00,  8.1654e-01, -8.1059e-01,  2.6307e-01,
         1.8806e-01, -1.6045e-01, -7.7333e-01, -5.4491e-01,  5.0089e-02,
        -4.7640e-01, -3.9800e-01,  2.5748e-01, -4.6300e-01,  3.7641e-01,
         7.6712e-01,  1.8155e-01, -1.4564e-01, -1.2020e-01, -1.0511e-01,
         1.4350e+00,  4.3084e-01, -1.3189e+00, -2.0494e-01, -1.6603e-01,
         1.7552e-02,  1.2437e-02, -3.6503e-01, -3.4461e-01,  4.1710e-02,
         1.0601e+00,  2.2213e-01,  5.2256e-01,  1.1467e-01,  1.2557e-02,
        -3.6515e-01,  3.7939e-01, -5.1312e-01,  1.2472e-01,  8.6351e-01,
        -1.3935e-01,  2.3786e-01,  2.3706e-01, -1.2817e-01,  5.5804e-02,
        -2.4744e-01, -2.4901e-01,  4.0681e-01,  4.0191e-01,  1.8624e-01,
        -9.9418e-02,  3.0073e-01, -2.4132e-01, -6.1006e-01, -1.1985e-01,
        -4.4308e-01,  5.0016e-01,  4.4622e-01,  2.7111e-01,  4.8350e-01,
         4.1542e-02, -7.4159e-01,  5.2141e-01, -6.0838e-01, -3.9181e-01,
        -3.6602e-01, -2.5896e-01,  1.8837e-01,  7.5128e-01, -2.8571e-01,
        -4.2664e-01, -1.2157e+00, -6.0372e-01,  3.4778e-01,  1.1217e+00,
         9.2469e-01,  1.0170e-01,  1.3293e-01,  6.2708e-01,  5.2107e-01,
        -1.0133e-01, -1.8911e-02, -1.5838e-01,  6.3693e-01,  3.9900e-01,
         2.5813e-02,  2.6463e-01, -2.0154e-01, -2.0915e-02,  9.8866e-01,
        -4.4512e-02,  8.9687e-01,  1.8889e-01, -8.6511e-01,  3.1945e-01,
        -7.8228e-02, -6.3382e-01,  4.7409e-02, -2.8224e-01,  3.3515e-01,
         6.1382e-01,  7.3048e-01, -1.2335e+00, -1.0740e+00,  9.4752e-01,
         1.0567e-01, -1.4835e-01, -1.0069e-01, -1.0190e-01, -7.6264e-02,
         1.6123e-01,  7.7986e-01, -9.0571e-01,  1.6547e-01,  6.0393e-01,
         5.3680e-01,  1.1620e+00, -3.0542e-01,  2.4870e-01, -3.7829e-01,
         5.7439e-01,  8.9159e-02, -1.9948e-01,  1.2462e-01,  7.7976e-01,
        -4.3483e-01,  3.9309e-01,  1.7184e-01,  2.2255e-01,  1.2279e+00,
         5.3307e-01, -3.4299e-01, -5.3987e-02, -2.1226e-01,  4.8406e-02,
        -1.8703e-01,  3.8794e-02,  8.0437e-01,  2.5947e-01, -9.6442e-02,
         1.1430e+00,  1.5129e+00, -4.6074e-01,  4.9119e-01,  1.0400e+00,
         8.4236e-01, -2.3371e-01,  3.2000e-01, -5.0677e-01,  1.2129e-01,
        -9.2220e-05, -3.4018e-01, -9.9178e-01, -6.4644e-01,  6.4689e-01,
        -4.9125e-01, -2.2021e-01,  4.7010e-01,  6.2213e-01,  6.0035e-01,
         1.3635e-01,  1.7546e-01, -5.0757e-01, -1.3129e-01,  1.4582e-01,
        -2.6432e-01, -8.1915e-01,  1.1070e-01, -1.0157e+00, -2.1941e-01,
        -2.3031e-01,  2.1792e-02,  6.9199e-02,  2.3898e-01, -9.1963e-01,
         1.0379e+00, -1.3103e-01,  1.4375e-01,  2.1993e-01, -2.6975e-01,
         1.4497e-01, -6.9479e-01, -4.3665e-02,  6.2098e-01, -3.1850e-01,
         5.0942e-02,  1.4765e-01,  6.8300e-02,  8.3373e-01, -3.3421e-02,
        -1.4230e+00, -2.0548e-01, -2.9300e-01,  9.4059e-01, -1.0460e+00,
        -6.2190e-01,  9.6583e-01, -1.1509e+00, -4.2383e-01,  1.2286e+00,
         1.4125e-01,  2.5959e-03, -1.3928e+00,  3.0629e-01,  7.8402e-01,
        -2.1272e-02,  8.7212e-02,  5.4408e-02,  2.5252e-01,  1.3511e+00,
         1.2150e-01,  8.6237e-01,  8.6251e-01, -5.0702e-01,  2.6974e-01,
         4.0301e-01,  8.3360e-01,  3.7450e-02, -9.1964e-01, -1.2601e+00,
         9.2466e-01, -4.2460e-01, -1.5882e+00, -8.7569e+00, -8.1515e-02,
         2.7636e-01,  3.3766e-01, -3.6872e-01, -1.3204e-01,  8.2289e-01,
         8.2041e-01, -6.5714e-02,  1.5089e-01, -2.5147e-01, -1.6987e-01,
        -4.6306e-01, -9.6140e-01, -2.7031e-01, -7.9097e-01,  7.4729e-01,
        -9.2717e-02, -3.4762e-01,  4.1038e-01,  6.9831e-01, -4.9587e-01,
        -4.7035e-03, -8.6945e-01,  5.5941e-01,  4.7764e-01,  1.3987e+00,
        -3.5252e-01,  1.8927e-01,  7.9232e-01, -7.9556e-01, -1.2228e+00,
        -3.4459e-01,  7.7540e-01,  1.3388e-01,  1.9049e-01,  4.8725e-01,
         1.7227e-02, -2.8654e-01, -2.7920e-01,  1.4608e-01, -5.5457e-01,
         1.7141e-01,  1.8120e-01,  1.0506e+00, -4.5828e-01, -8.2294e-01,
        -8.8359e-01, -4.5221e-01, -1.6104e-02, -9.8048e-01,  1.5998e-01,
         4.5847e-01, -7.1260e-01,  1.1175e+00, -6.2744e-01,  3.8343e-01,
         1.1090e+00,  1.3544e-01, -1.6079e+00,  3.5258e-01, -4.6023e-01,
         1.0177e-01,  3.2747e-02, -6.0393e-01, -1.6497e-01, -1.3931e+00,
         1.0297e-01, -8.9861e-01, -2.9682e-01,  1.4841e-01,  2.7406e-01,
         4.1142e-01, -2.0379e+00, -7.0089e-01, -2.2940e-01, -5.1364e-01,
        -4.0557e-01,  4.4381e-01, -6.1012e-01, -1.0947e+00, -9.3354e-01,
         7.0063e-01,  3.1762e-01,  6.5190e-01, -3.3176e-01, -8.1903e-01,
        -8.2996e-01,  4.0124e-01,  5.3617e-01,  4.6067e-02, -3.0809e-01,
         2.4579e-01,  6.2414e-01, -1.5394e-01, -4.5290e-01,  6.4914e-01,
        -2.3154e-01,  5.8633e-01,  3.3348e-01,  2.9510e-01,  3.0858e-01,
         8.2611e-01,  3.1976e-01,  1.5901e+00,  2.6097e-01, -4.5346e-01,
        -6.0363e-02, -2.4994e-01,  1.4765e-01, -3.1158e-01,  2.2468e-01,
        -5.9136e-01,  3.9896e-01, -6.6608e-03, -4.6582e-01,  3.0814e-01,
         6.5741e-02, -4.3017e-01, -2.2178e-01,  5.8942e-01,  7.1073e-01,
        -7.4417e-01,  5.3521e-01, -1.5325e-01, -2.3141e-01, -4.4493e-01,
         6.7090e-01, -2.8164e-01, -3.3567e-01,  2.9516e-01,  6.4500e-01,
        -5.2283e-01, -3.4589e-01,  2.2559e-01,  1.4463e-01, -6.5005e-01,
        -8.3212e-01, -3.3694e-01,  3.4405e-01, -2.8378e-01,  2.7530e-01,
         1.1744e-01, -1.6456e-01,  3.1207e-01, -3.7635e-01, -9.7645e-01,
        -9.7159e-01,  2.4960e-01,  3.5677e-01, -1.2590e-01, -7.0669e-01,
         4.6759e-01, -9.8935e-01,  1.7895e-01, -1.0728e+00,  6.0071e-01,
        -6.5132e-01, -9.5792e-01,  4.6674e-01,  5.9321e-01,  6.4305e-01,
        -4.9496e-01,  9.0583e-01, -8.6680e-02,  3.8654e-01, -4.9876e-01,
         1.1421e+00, -1.0406e+00, -1.3351e+00,  1.3065e-01,  1.1221e+00,
         3.2345e-01, -2.3734e-01, -3.2098e-01,  4.8979e-01, -8.5490e-01,
         3.1115e-01, -5.1250e-02,  4.6814e-01,  5.6161e-01,  4.3088e-01,
        -4.3291e-01,  5.9047e-01,  5.5980e-01, -7.7765e-02, -4.8942e-01,
        -9.5496e-02,  4.4975e-01, -3.0625e-01, -9.1094e-01,  9.4960e-01,
        -4.1837e-01, -1.1889e+00, -9.9694e-02, -9.4718e-02, -2.2498e-02,
        -6.1232e-01,  2.7812e-01,  1.2204e-01, -3.6024e-01,  3.2081e-01,
        -5.5352e-01, -3.8501e-01, -9.8276e-01,  1.5423e-01,  1.7388e-01,
         4.4342e-01, -2.9248e-01, -6.6923e-02, -1.2226e-01, -4.6560e-01,
        -4.5352e-01, -9.3246e-03, -1.6545e-01,  3.0859e-01, -2.7696e-01,
         2.0246e-01, -4.2614e-01,  1.1636e-01, -8.5562e-01,  3.5990e-01,
        -3.3518e-01, -2.9667e-01, -7.5101e-01, -2.2360e+00,  6.3764e-01,
         4.8551e-01, -5.6043e-01, -6.3144e-01, -6.4964e-01, -1.5201e+00,
         1.1135e+00, -1.0058e+00, -6.5133e-01, -3.4891e-01,  3.4275e-01,
         3.1432e-01,  2.1729e-01,  4.5998e-01,  9.9140e-02,  5.9846e-03,
         8.9921e-01, -3.9583e-01,  2.5529e-01,  2.8395e-01, -6.4274e-02,
        -2.4058e-02, -2.6006e-01, -2.2812e-01,  1.1665e+00,  4.4547e-01,
         7.9512e-01,  3.3197e-02, -7.9500e-01, -7.3745e-01, -2.3422e-01,
         6.6728e-01, -4.8159e-01,  4.2798e-01, -6.5815e-01,  4.0766e-01,
         6.5523e-01,  4.4186e-01,  5.0649e-01, -6.0008e-01,  1.0389e+00,
         2.2005e-01, -6.0345e-02,  1.3109e-01, -1.2905e+00,  1.7773e-01,
        -3.2325e-01, -1.3312e+00,  8.3624e-02, -5.1773e-01,  2.1806e-01,
        -7.4974e-01,  1.5337e-01,  1.1623e+00, -4.8826e-01,  1.1529e+00,
        -2.6755e-03, -9.9479e-01, -2.1481e-01,  4.6418e-02, -1.0157e+00,
        -5.8214e-01,  5.4820e-01,  9.7422e-01, -7.0129e-01, -3.0005e-02,
        -8.0986e-01,  9.3153e-01, -2.0879e-01,  4.3635e-01,  5.6929e-01,
         8.9742e-02, -5.8811e-01,  3.9185e-01, -1.7207e-01,  9.5245e-02,
        -5.4435e-01, -5.6397e-02, -1.3720e-01,  1.8388e-01,  2.6336e-01,
        -7.0564e-01, -4.2630e-01, -2.8968e-01, -5.3452e-02,  3.2090e-01,
         4.3048e-01, -7.5068e-01, -3.8891e-03,  9.1433e-01, -4.2409e-01,
        -5.8614e-01,  5.1245e-01, -5.8124e-02,  6.2164e-01,  5.3417e-01,
        -8.0234e-01, -1.8431e-01, -1.4772e-01,  3.6649e-01, -1.7180e+00,
        -7.4399e-01,  1.1012e+00,  7.9631e-01,  1.2738e-01, -8.2078e-01,
        -1.3790e-01,  3.9125e-01,  2.6267e-01, -3.1400e-01,  1.3365e+00,
        -1.7612e-01,  5.1857e-01,  1.6098e-01, -3.9963e-01,  6.1907e-01,
        -3.7638e-01,  7.7598e-01, -1.2783e-01,  1.5828e-01, -5.7158e-01,
        -1.2063e-01,  4.8207e-01, -9.3523e-01,  6.1178e-01,  8.1490e-01,
        -3.9753e-01, -1.1942e+00,  3.8326e-01, -5.6656e-01, -1.7403e-01,
        -9.1850e-02, -3.6334e-01, -3.6956e-01, -2.5174e-01,  5.0223e-01,
        -6.8677e-01, -7.8652e-02,  1.9359e-01,  3.6054e-02,  5.7025e-01,
        -1.4231e-01, -6.7310e-01, -2.1620e-01, -7.0150e-01,  4.4281e-01,
        -2.0918e-03,  1.5576e+00, -3.4802e-01,  8.9056e-01, -3.5495e-01,
        -1.0180e+00,  2.0181e-01, -5.1814e-01,  5.6419e-01, -1.2492e-01,
        -5.0928e-01, -7.8162e-01,  6.4442e-02,  1.6770e-01, -1.1863e+00,
        -7.4579e-01,  1.3582e-01,  1.4282e-01,  1.2237e+00,  1.5881e-01,
         5.0976e-01,  1.3939e-01,  7.5867e-01, -6.7219e-01, -2.4385e-01,
         3.9953e-01,  3.0604e-01, -7.0964e-01,  1.1635e+00,  9.2398e-03,
         6.2407e-01,  4.9598e-01, -4.9242e-01,  6.5925e-01, -5.9249e-02,
         5.1737e-01,  6.1515e-02, -3.6235e-01,  1.7944e-01,  5.1364e-01,
         2.2947e-02,  1.0103e+00,  4.1902e-01, -1.2295e+00, -7.0398e-01,
        -3.0694e-01, -1.1261e+00,  2.9731e-02,  2.1821e-01, -4.3315e-01,
         4.0558e-01, -1.0505e+00,  7.3253e-01, -2.1980e+00,  2.8972e-02,
         2.5054e-01,  8.9311e-03, -6.0400e-01, -1.6776e-01,  5.4673e-01,
         1.6292e+00, -1.2414e+00,  1.0598e+00,  1.6162e-01,  4.4988e-01,
        -4.9815e-01,  1.0398e+00, -2.1168e-01,  5.3596e-01,  5.4692e-01,
        -5.2265e-01,  3.0655e-01, -8.2279e-01,  8.7934e-01,  5.6672e-01,
        -5.1307e-01, -3.3084e-01, -6.5564e-01, -3.1395e-01, -5.8259e-01,
         1.7307e-01, -4.3890e-01,  4.8791e-01,  9.9102e-01, -2.5343e-01,
        -4.8206e-01, -4.6968e-01, -3.5710e-01], grad_fn=<SelectBackward>)
TGT EMBEDDING 2tensor([-7.1454e-01,  3.2446e-01,  2.8500e+00, -2.9924e+00, -1.9614e-01,
         1.2206e+00,  5.3272e-01,  1.4474e+00, -4.5140e+00, -5.1406e+00,
        -4.8315e-01, -9.6503e-01,  5.8634e-01,  2.0627e+00, -2.0557e+00,
         2.8836e+00, -6.6095e-01, -2.1102e-01, -2.5344e+00,  3.3065e+00,
         1.6788e-01, -7.4581e-01, -1.3261e+00, -7.8421e-01, -1.2811e-01,
        -1.2983e+00, -6.5325e-01,  1.5447e+00,  7.4313e-01,  6.5187e-01,
        -1.1462e+00, -2.3417e-01, -2.8868e-01, -2.5100e+00, -2.4274e+00,
         1.9620e-01, -5.5410e-01,  8.5983e-01, -4.4583e+00,  2.2411e-01,
         5.6455e-01, -3.1371e+00,  4.0276e+00, -1.3671e+00, -1.1303e+00,
        -6.0705e-01,  2.5491e+00, -6.8728e-01, -7.2642e-01, -4.2665e+00,
        -1.7494e+00,  8.1000e-01, -4.8168e+00, -1.0329e+00,  1.1851e+00,
        -1.4815e+00,  8.0359e-01, -3.7427e+00,  1.6387e+00, -4.2145e-01,
        -1.8344e+00, -9.8880e-01,  4.3569e+00, -1.7628e+00, -3.6552e-01,
         1.1701e+00,  2.5743e+00, -1.0792e+00, -6.2107e-01,  1.1759e+00,
        -3.8482e-01, -5.4695e-01,  1.4447e+00,  1.4775e+00,  5.9987e-01,
        -1.7351e+00,  2.0172e+00,  1.7847e+00, -1.8580e+00, -1.2713e+00,
         3.4615e-01, -2.3764e-01,  1.4236e+00,  1.5908e+00,  5.3989e-01,
        -4.2579e-01,  3.8811e+00,  2.9256e+00, -3.7146e+00,  3.9079e-01,
         3.2640e-01, -5.8911e-01, -2.3999e+00, -9.1036e-01, -1.1481e-01,
        -2.2094e-01, -1.0310e+00,  7.9799e-01, -2.2158e+00,  1.6897e+00,
         1.9755e+00,  3.6302e-01, -5.9412e-01,  3.7430e-01, -3.0098e-01,
         4.1264e+00,  4.3450e-01, -4.5110e+00, -1.0484e+00, -4.3447e-01,
        -1.2302e-02,  5.3119e-02,  2.9457e-01, -1.9332e+00,  3.9663e-01,
         3.0157e+00,  2.1820e-01,  1.3619e+00,  4.0078e-01, -1.5215e+00,
        -1.0788e+00,  1.5920e+00, -1.3122e+00, -1.5926e-01,  1.9249e+00,
        -9.4660e-01, -3.1932e-01,  1.5142e+00, -1.2630e+00, -1.7397e-01,
        -1.2454e-01, -1.9774e-01,  4.6439e-01,  1.5986e+00,  4.3448e-01,
        -9.0871e-01,  2.2492e-01, -2.1195e-01, -1.4814e+00, -9.0916e-01,
        -1.5035e+00,  2.8818e+00,  2.4964e+00,  9.9220e-01,  1.4367e+00,
        -1.3891e-01, -1.9169e+00,  1.5858e+00, -2.5139e+00, -6.0513e-01,
        -1.1403e+00, -1.1856e+00,  5.4831e-02,  2.2814e+00, -1.1935e+00,
        -1.0325e+00, -3.8629e+00, -1.6351e+00,  1.0914e-02,  3.2942e+00,
         2.8916e+00,  1.2241e+00,  7.0088e-01,  1.4302e+00,  2.5862e+00,
        -2.3838e-01, -2.5924e-01, -6.4616e-01,  2.0150e+00,  1.4953e+00,
         1.1277e+00,  1.1281e-01, -1.1227e+00,  2.6813e-01,  3.1899e+00,
         7.7351e-01,  3.6561e+00, -4.5277e-02, -1.9803e+00,  2.5567e-01,
        -6.0450e-01, -1.7633e+00, -2.3909e-01, -1.3522e+00,  1.9495e+00,
         1.7255e+00,  2.5111e+00, -3.5252e+00, -2.2848e+00,  2.8440e+00,
         2.3060e-01,  2.6705e-02, -6.5636e-01, -4.6492e-02, -1.3783e-01,
        -3.5979e-01,  2.8403e+00, -2.9497e+00,  9.4315e-01,  1.2369e+00,
         2.1616e+00,  2.9861e+00, -3.4607e-01,  5.6028e-02, -9.8891e-01,
         8.9521e-01,  9.7345e-02, -8.8088e-01, -2.0393e-01,  1.6935e+00,
        -2.1073e+00,  2.6785e-01,  1.2058e+00,  2.1252e+00,  2.9809e+00,
         1.2371e+00, -1.4596e+00, -3.2360e-01, -8.6280e-01,  1.3080e+00,
        -2.4873e-01, -4.2340e-01,  2.3713e+00,  1.6023e+00, -1.0747e+00,
         3.0574e+00,  4.5535e+00, -1.5637e+00,  2.5644e+00,  3.3637e+00,
         1.9195e+00, -2.5288e-01,  1.8430e+00, -1.3205e+00,  1.0346e-01,
        -8.2139e-02,  8.6319e-02, -2.2854e+00, -1.1965e+00,  1.7397e+00,
        -1.6909e+00,  3.5719e-02,  1.4358e+00,  1.3983e+00,  2.4010e+00,
        -2.3109e-02,  2.2826e-01, -9.0454e-01, -6.6786e-01,  4.9596e-01,
        -8.8600e-01, -2.1638e+00,  7.1920e-01, -2.8191e+00,  4.2086e-01,
        -6.8989e-01,  1.8098e-01,  7.9831e-01,  1.0273e+00, -2.1008e+00,
         3.2449e+00, -3.4243e-01,  3.1908e-01,  5.9454e-01, -5.0126e-01,
         9.3991e-01, -1.7724e+00, -6.0671e-01,  1.9910e+00, -1.5766e+00,
         1.6897e-01,  5.2613e-01,  3.2488e-01,  2.6259e+00, -1.4079e-01,
        -4.6793e+00, -6.4999e-03, -1.4285e+00,  2.0830e+00, -3.7519e+00,
        -1.8170e+00,  3.1430e+00, -4.5428e+00, -1.6492e+00,  4.0845e+00,
         3.4161e-01, -7.0958e-01, -4.7187e+00,  6.6155e-01,  2.0116e+00,
         1.0512e-01,  1.2360e+00,  7.1555e-01,  4.2014e-01,  3.9211e+00,
        -8.6605e-01,  2.0480e+00,  3.1794e+00, -1.6177e+00,  6.1943e-01,
         1.3627e+00,  3.2998e+00, -2.8000e-01, -3.3756e+00, -2.9740e+00,
         2.3869e+00, -1.3619e+00, -4.3625e+00, -2.1219e+01, -1.3896e+00,
         9.8740e-01, -9.3565e-02, -1.3714e+00, -5.3861e-01,  1.7205e+00,
         2.3633e+00, -2.0595e-01,  1.0263e+00, -4.8642e-01,  1.3927e-01,
        -1.2623e+00, -2.8248e+00, -5.2940e-01, -2.3699e+00,  1.6689e+00,
        -3.2677e-01, -1.0556e+00,  2.3643e-01,  1.7697e+00, -2.2466e+00,
        -8.4808e-02, -2.3069e+00,  2.1153e+00,  2.1004e+00,  3.8697e+00,
        -1.0965e+00, -4.3871e-01,  2.7614e+00, -3.0971e+00, -3.5130e+00,
        -9.2378e-01,  2.7533e+00,  1.2275e+00,  4.0390e-01,  1.6625e+00,
        -8.6096e-01, -5.8055e-01, -5.7507e-03,  8.8317e-01, -1.5299e+00,
        -5.0433e-01,  6.3730e-01,  2.3574e+00, -1.4284e+00, -1.0373e+00,
        -1.8978e+00, -1.1900e+00,  1.4989e+00, -2.7395e+00,  5.5632e-01,
         2.3063e+00, -2.6796e+00,  3.4951e+00, -1.2507e+00,  1.4050e+00,
         3.9733e+00, -1.9773e-01, -4.7397e+00,  1.3260e-02, -5.1558e-01,
        -1.4616e-01, -1.1025e+00, -1.5691e+00,  9.3479e-02, -4.3340e+00,
         2.1602e-01, -2.9233e+00, -7.4903e-01,  1.0443e+00,  4.7379e-01,
         1.4607e+00, -9.2392e+00, -2.6031e+00, -1.1840e+00, -1.0981e+00,
        -1.4696e+00,  3.5488e-01, -5.7453e-01, -3.4682e+00, -2.3851e+00,
         1.0843e+00,  2.0794e+00,  1.3552e+00, -1.2053e+00, -1.7366e+00,
        -2.7383e+00,  1.2406e+00,  1.3681e+00, -8.6286e-01, -1.6640e+00,
         1.3240e+00,  1.2565e+00, -1.3187e-01, -1.1196e+00,  1.8958e+00,
        -2.2640e-01,  1.7612e+00,  8.6581e-01,  1.9375e+00,  7.5437e-01,
         2.2206e+00,  4.5956e-02,  4.9545e+00,  4.0443e-01, -8.7790e-01,
        -3.9052e-01,  2.1723e-01, -1.6291e-01, -6.7381e-01,  2.4951e-02,
        -2.2709e+00,  2.9483e-01, -9.8464e-01, -1.5928e+00,  1.3010e-01,
        -1.2526e+00, -1.2898e+00, -1.1407e+00,  1.4269e+00,  2.1346e+00,
        -2.2638e+00,  9.7324e-01, -1.3479e+00, -1.4850e-01, -1.7492e+00,
         2.5198e+00, -1.4059e+00,  9.0486e-01,  1.3686e+00,  3.3880e+00,
        -9.3816e-01, -1.8276e+00,  8.1955e-01, -5.3416e-01, -1.8897e+00,
        -1.6814e+00, -1.8476e+00,  4.4505e-01, -1.8847e-01, -1.7412e-02,
         1.4309e+00, -4.0863e-01,  9.4827e-01, -1.3598e+00, -3.8887e+00,
        -3.4963e+00,  1.5452e+00,  1.2628e+00, -4.8968e-01, -1.6919e+00,
         1.2843e+00, -2.1442e+00,  8.0401e-01, -3.7487e+00,  1.8418e+00,
        -2.7993e-01, -2.4767e+00,  9.7680e-01,  2.2847e+00,  1.9420e+00,
        -1.7387e+00,  2.2975e+00,  3.5359e-01,  1.1071e+00, -9.6807e-01,
         2.1657e+00, -2.3745e+00, -3.4771e+00,  9.4048e-01,  3.5356e+00,
         8.8892e-01,  1.9324e-01, -7.1440e-01,  6.0193e-01, -3.2052e+00,
         6.3162e-01,  3.0566e-01,  1.9678e+00,  1.8341e+00,  1.3909e+00,
        -1.3022e+00,  1.4377e+00,  1.4221e+00, -1.0079e+00, -1.0114e+00,
         1.7670e-01,  1.3101e+00, -1.5088e+00, -2.3234e+00,  2.8487e+00,
        -9.4450e-01, -2.9205e+00, -3.3678e-01,  2.6937e-02, -9.3015e-01,
        -7.2204e-01, -2.1582e-01,  1.1708e-01, -2.1078e+00,  6.1966e-01,
        -1.7631e+00, -5.9713e-01, -2.6825e+00,  5.9834e-01,  9.6725e-01,
         1.5702e+00, -3.7210e-01, -3.4656e-01, -1.9703e-01, -1.3355e+00,
        -6.3660e-01,  2.2440e-02, -1.1314e+00,  1.4533e+00, -9.7757e-01,
         1.0010e+00, -1.1792e+00,  7.0376e-01, -2.0765e+00,  1.1614e+00,
        -9.7884e-01, -1.6350e+00, -2.3174e+00, -5.7075e+00,  1.6898e+00,
         7.3799e-01, -1.7437e+00, -9.4100e-01, -1.6228e+00, -4.3311e+00,
         3.3881e+00, -2.0832e+00, -2.7306e+00, -9.8218e-01,  1.6700e+00,
         5.7812e-01,  4.3796e-01,  1.3217e+00,  4.7446e-01, -5.4622e-01,
         2.5404e+00, -1.9986e+00,  5.9828e-01,  7.9010e-01, -6.4963e-02,
        -9.5886e-01, -1.1342e+00,  3.6891e-01,  3.2432e+00,  2.3556e+00,
         2.3161e+00,  3.6728e-01, -1.4893e+00, -2.8785e+00, -8.8824e-01,
         2.8058e+00, -9.6046e-01,  1.4872e+00, -1.7679e+00,  2.0749e+00,
         1.7658e+00,  9.1979e-01,  1.2595e+00, -1.9002e+00,  3.1137e+00,
        -1.8340e-02,  5.3997e-01, -1.0607e-01, -3.9419e+00,  7.2320e-02,
        -9.7025e-01, -4.1356e+00,  5.3819e-01, -1.0938e+00,  3.1409e-01,
        -2.0228e+00,  1.0965e+00,  3.2578e+00, -1.9079e+00,  2.9288e+00,
         4.2325e-01, -2.9014e+00, -1.7055e+00, -4.9141e-01, -3.6567e+00,
        -2.2095e+00,  1.4580e+00,  4.6376e+00, -1.7799e+00,  1.0922e-01,
        -3.0025e+00,  3.7968e+00, -1.0257e+00,  9.7673e-01,  2.1233e+00,
         7.4165e-01, -1.6343e+00,  5.9923e-01, -5.3803e-01,  8.2287e-01,
        -9.2396e-01, -7.7703e-01, -4.5352e-01,  2.7313e-01,  6.3729e-01,
        -1.6562e+00, -1.0064e+00, -6.4055e-01, -1.9793e-01,  1.4954e+00,
         1.3816e+00, -1.2189e+00, -1.8100e-01,  2.5793e+00, -1.1091e+00,
        -2.3466e+00,  2.1017e+00, -1.0751e-01,  1.7311e+00,  8.0018e-01,
        -1.4713e+00, -5.5680e-01,  1.0025e-01,  9.5305e-01, -4.8363e+00,
        -1.8255e+00,  3.7623e+00,  2.4938e+00,  1.2842e+00, -2.4554e+00,
        -1.5121e-02,  1.8290e+00,  9.7426e-01, -4.0668e-01,  3.7396e+00,
        -1.2933e+00,  1.0135e+00,  1.3349e-01, -1.6528e+00,  1.2552e+00,
        -1.8927e+00,  1.6607e+00,  5.6615e-01,  1.3528e+00, -1.0846e+00,
        -8.2065e-01,  1.6998e+00, -2.0432e+00,  1.9770e+00,  1.8463e+00,
        -9.4717e-01, -3.4198e+00,  2.1029e+00, -3.0528e+00, -3.8240e-01,
        -1.2881e+00, -8.9884e-01, -1.6689e+00, -8.4432e-01,  1.6266e+00,
        -1.7691e+00,  6.5640e-01,  6.1183e-01,  2.0248e-01,  2.0575e+00,
        -3.1710e-01, -1.9612e+00, -6.2386e-01, -2.7275e+00,  1.7823e+00,
        -3.2426e-01,  4.5347e+00, -5.0957e-02,  1.7186e+00, -8.2587e-01,
        -1.8840e+00,  6.1244e-01, -1.0513e+00,  1.7801e+00, -1.0160e+00,
        -1.5279e+00, -2.2920e+00,  6.6577e-01,  5.6223e-01, -3.5276e+00,
        -1.2715e+00, -3.7990e-01,  1.0243e-02,  2.8261e+00, -1.6999e-01,
         1.3250e+00, -2.9340e-01,  2.5067e+00, -1.5949e+00, -5.0176e-01,
         1.7581e+00,  1.1264e+00, -1.8493e+00,  3.3566e+00, -3.1718e-01,
         4.9807e-03,  1.7177e+00, -9.4990e-01,  1.9939e+00,  3.4652e-01,
         2.6005e+00,  5.5210e-01, -1.0220e+00,  1.3888e+00,  9.2349e-01,
         5.1312e-02,  2.9837e+00,  9.4643e-01, -3.7539e+00, -3.9587e-01,
        -1.8368e+00, -3.8402e+00, -2.9521e-01, -6.6429e-02, -1.6536e+00,
         1.0030e+00, -2.2632e+00,  2.5069e+00, -7.9988e+00,  3.1689e-01,
         8.2750e-01,  5.3039e-01, -4.5768e-01, -1.5634e+00,  1.1775e+00,
         3.7573e+00, -3.7365e+00,  2.6813e+00, -5.0215e-01,  1.3640e+00,
        -1.7316e+00,  2.3783e+00, -1.0149e+00,  1.5516e+00,  1.9645e+00,
        -1.6933e+00,  1.6064e+00, -2.4736e+00,  3.2147e+00,  1.7531e+00,
        -1.4734e+00, -1.3753e+00, -1.1012e+00, -3.5308e-01, -2.2000e+00,
         5.2742e-01, -9.6251e-01,  1.3147e+00,  3.5773e+00, -6.9279e-01,
        -7.5962e-01, -2.2272e+00, -1.1857e+00], grad_fn=<AddBackward0>)
LAYER_EMBEDDING 3tensor([ 2.9124e-02,  7.8499e-02,  4.3985e-01, -1.1381e+00, -1.8950e-01,
         3.6538e-01,  2.5304e-02,  5.0510e-01, -1.0145e+00, -1.4826e+00,
        -3.4087e-01, -4.9344e-01, -2.1975e-01,  4.7372e-01, -2.4700e-01,
         9.8407e-01, -3.2889e-01, -9.9581e-02, -4.7190e-01,  6.1301e-01,
        -7.5916e-02, -5.2753e-01, -7.4628e-03,  4.7057e-01, -2.5413e-01,
        -1.7988e-01, -1.4782e-01,  4.4056e-01, -1.4525e-01, -3.0512e-02,
        -4.4912e-02, -3.5228e-02,  5.2175e-02,  2.0547e-02, -9.1993e-01,
        -8.2148e-02, -3.2495e-01,  3.4459e-01, -7.6451e-01,  1.4389e-01,
         1.9488e-01, -7.8854e-01,  7.2651e-01,  1.2412e-01, -1.5877e-01,
        -3.7057e-01, -2.1137e-01, -3.2639e-01, -1.8831e-01, -9.1902e-01,
        -3.6927e-01,  2.1806e-01, -8.5687e-01,  3.3784e-01,  5.2715e-01,
        -9.5778e-02, -1.7774e-01, -4.0518e-01,  1.6529e-01, -2.0981e-01,
        -3.7185e-01,  3.5431e-01,  1.4630e+00,  1.6023e-01, -1.9248e-01,
         3.5835e-01,  1.8083e-01,  3.4380e-01, -5.2233e-01,  8.8872e-01,
        -3.4025e-02, -3.5878e-01, -3.7666e-01,  1.5487e-01, -3.9081e-02,
        -1.0436e+00,  1.9920e-01,  3.2882e-01, -1.1643e+00, -1.5251e-01,
         3.3419e-01, -4.4001e-01,  7.1124e-02,  7.2182e-01, -5.1589e-01,
        -1.0048e-01,  5.9648e-01,  6.7799e-01, -6.5097e-02,  4.7420e-01,
         2.2033e-01, -6.8023e-01, -3.1571e-01, -3.7267e-03,  2.0105e-01,
        -7.8461e-01,  4.1648e-01,  5.8493e-02,  5.4035e-01,  2.6598e-01,
         2.8184e-01, -3.3816e-02, -2.9221e-01, -2.3037e-01, -1.2261e+00,
         6.4510e-01,  7.8452e-01, -5.0000e-01, -1.8634e-01, -1.3358e+00,
         1.7376e-01, -2.4562e-01, -2.1717e-01, -2.9532e-01, -5.3681e-02,
         1.2331e+00,  6.6633e-01,  2.4324e-01,  2.1413e-01,  3.6593e-01,
         2.8953e-02,  5.7915e-01, -9.0365e-02,  5.8620e-01,  4.4536e-01,
        -1.5204e-01, -1.1681e-01,  2.0871e-01, -7.7682e-02, -8.1329e-01,
         9.6914e-02, -1.2337e-01,  1.1793e-01,  3.4046e-01,  2.4691e-01,
        -3.5063e-01,  1.2875e-01, -3.1023e-01, -1.5700e-01,  1.8774e-01,
        -2.2870e-01,  2.7564e-01, -9.5562e-01,  9.3227e-02,  3.8135e-01,
         7.2591e-02, -6.5921e-01, -6.1529e-02, -5.4864e-01, -2.0929e-01,
        -6.7265e-02, -4.4878e-01, -3.2965e-01,  2.9230e-01,  2.3083e-01,
         2.5695e-01, -4.9713e-01,  7.9605e-02,  3.0846e-02,  7.4790e-01,
         1.0060e+00,  2.8632e-01, -1.4748e-01,  7.1885e-01, -1.8427e-01,
        -8.0815e-02,  4.7935e-01, -1.6102e-01,  4.8193e-01,  9.5639e-02,
         2.2906e-01,  9.7602e-02,  4.3177e-01,  3.6506e-01,  2.0701e-01,
        -6.7240e-01,  1.0367e+00,  2.5287e-02, -2.6014e-01, -1.7289e-01,
        -3.2293e-01, -8.9716e-02,  2.5095e-01, -1.8872e-01,  3.7493e-01,
         1.1057e-01,  8.2773e-01, -1.3019e+00, -2.8762e-01,  7.1095e-01,
         2.6133e-01, -3.6925e-01, -5.8487e-01,  1.2368e-02,  6.6498e-01,
        -5.5391e-02,  2.4445e-01, -9.5241e-01,  4.5653e-02,  8.4502e-01,
         2.4477e-01,  5.1916e-01,  3.1840e-03,  5.4578e-01, -2.8142e-02,
         1.3046e+00,  1.8288e-01, -2.7091e-01,  7.8971e-02,  8.5815e-01,
        -3.7931e-01,  1.8998e-02,  5.5320e-01, -1.8762e-01,  7.2701e-01,
         5.3862e-01, -4.1507e-02, -2.9656e-01, -3.7689e-01,  2.1336e-01,
         7.1444e-01,  5.1912e-01,  4.2703e-01,  2.9109e-01,  4.4710e-01,
         6.9257e-01,  1.1596e+00, -2.9486e-02,  2.6520e-01,  6.6791e-01,
         6.0205e-01, -3.9644e-01,  8.7049e-01,  1.9304e-01,  2.5769e-01,
        -1.4225e-01, -4.0844e-02, -6.0122e-01,  6.0501e-02,  6.4994e-01,
        -3.9981e-01, -3.1679e-02,  6.6530e-02,  5.2046e-01, -4.3849e-01,
        -4.6685e-03,  5.3526e-01,  1.2156e-01, -4.4591e-01,  2.4284e-01,
        -1.4470e-01, -8.8026e-01, -5.6657e-03, -8.5619e-01, -8.1646e-02,
        -4.3989e-01, -3.5163e-02,  4.7874e-02,  1.7471e-01, -3.2603e-01,
        -8.2772e-02,  2.9148e-02,  2.8432e-01,  1.4026e-01, -5.9220e-01,
        -9.3847e-02, -5.7159e-01, -3.0147e-01,  6.6364e-01,  1.7186e-01,
         1.1889e-01,  2.7719e-01,  2.5917e-01, -1.1340e+00, -2.0515e-02,
        -1.0521e+00,  7.2308e-02, -3.5175e-01,  4.5301e-01, -3.9135e-01,
        -5.1793e-01,  8.1866e-01, -6.6808e-01,  1.5018e-02,  7.8270e-01,
        -2.2429e-01, -1.9096e-01, -1.3196e+00,  5.2262e-01,  2.4069e-01,
        -3.9282e-01,  1.6361e-01, -5.7091e-01,  1.3487e-01,  8.1166e-01,
        -2.2135e-01,  8.5389e-01,  4.9927e-01, -1.9663e-01,  5.5638e-01,
         1.8876e-01,  6.0945e-01, -4.2650e-01, -5.0048e-01, -5.8375e-01,
         6.9194e-01, -2.4757e-01, -1.2493e+00, -3.9890e+00, -5.7006e-01,
        -1.0237e-01, -1.8248e-01, -3.4885e-01, -1.7817e-01,  5.3487e-01,
         2.6313e-01, -3.2394e-01,  2.6378e-01,  3.2087e-01, -1.7170e-01,
         2.3301e-02, -4.9067e-01, -3.8666e-01, -3.7626e-01,  1.7575e-01,
        -4.7444e-01, -1.3571e-01,  5.6194e-01,  1.1716e-01, -1.5280e-01,
        -1.1168e-01, -5.7321e-01,  2.4998e-01,  6.1839e-01,  7.7724e-01,
        -5.4672e-01, -1.5428e-01,  4.5347e-01, -5.4198e-01, -2.9927e-01,
        -1.1691e-01,  8.1701e-02, -2.9941e-02,  1.9994e-02,  6.0694e-01,
        -2.5097e-01, -5.8033e-01, -2.8307e-01,  3.3640e-02, -6.9134e-01,
         4.2898e-01, -2.0133e-01,  3.6859e-01, -9.8197e-02, -6.4074e-01,
        -1.0450e+00,  1.5610e-01, -2.2799e-01, -6.4489e-01, -4.9926e-02,
         3.4518e-01, -2.9129e-01,  1.0018e+00, -3.2875e-01,  3.5457e-01,
         7.5057e-01,  2.8126e-01, -1.0205e+00,  1.2400e-01, -1.1001e-01,
        -4.5134e-02,  1.2472e-01, -5.6502e-01, -3.7133e-01, -8.5278e-01,
         2.2403e-01, -4.7003e-01, -2.1634e-01, -1.8389e-01,  2.5879e-01,
         2.2605e-01, -1.5991e+00, -9.3130e-01, -4.0451e-01, -4.6156e-01,
        -5.0463e-01,  3.4658e-01, -8.5564e-01, -1.0085e+00, -2.5082e-01,
         5.4966e-01,  1.5226e-01,  8.1186e-01, -3.5412e-01,  1.9398e-02,
        -1.0688e-01,  3.1237e-01,  6.7397e-01,  1.2775e-01,  1.2659e-01,
         2.2640e-01,  6.1440e-01,  2.5487e-01, -3.1093e-01,  5.1140e-01,
        -6.3752e-01,  7.3537e-01,  2.9754e-01,  4.7743e-01, -3.4244e-02,
         8.4734e-01,  2.4299e-02,  9.9249e-01,  3.2324e-02, -6.3221e-01,
        -5.6100e-01, -3.7087e-01,  2.9297e-01, -3.8925e-01, -1.9320e-01,
        -1.5121e-01,  5.8139e-01,  4.5382e-01, -3.2976e-01, -2.4086e-02,
         2.6035e-01, -8.2915e-01,  6.3523e-02,  2.5376e-01,  9.7149e-01,
        -5.9941e-01,  4.5045e-01, -3.4154e-01, -2.2894e-02, -3.8964e-01,
         1.8980e-01, -4.5161e-01, -3.5359e-01,  1.8898e-01,  4.4924e-01,
        -3.7596e-01, -6.5654e-01,  1.5380e-01, -9.4243e-02,  5.4107e-02,
        -6.7842e-01, -6.7135e-02, -8.4615e-02, -2.2562e-01,  9.6125e-02,
        -7.6227e-02,  2.6192e-01,  3.4745e-01,  2.4238e-02, -3.7767e-01,
        -8.6810e-01,  2.9389e-01,  3.7248e-01,  4.5596e-01, -1.9283e-01,
         1.0820e-01, -7.5964e-01, -1.5650e-01, -4.1190e-01,  6.2634e-01,
        -6.4522e-01, -7.8529e-01,  5.2378e-01,  3.8000e-01,  4.4899e-01,
        -8.0981e-01,  2.7855e-01,  2.5735e-01,  1.1016e+00,  7.0712e-03,
         9.4549e-01, -6.1743e-01, -7.0848e-01,  4.8676e-01,  7.1949e-01,
         3.5889e-01, -3.8995e-01, -2.8297e-01,  4.0657e-01, -5.0511e-01,
         5.6602e-01,  1.2995e-01,  5.3470e-01,  6.0855e-01, -3.0234e-01,
        -2.4844e-01,  4.1431e-01,  4.5332e-01, -2.5935e-02, -3.9919e-01,
        -1.4703e-01,  2.8003e-01, -1.4870e-02,  2.4221e-01,  7.6410e-01,
        -5.8908e-01, -1.2737e+00, -7.4336e-01, -3.3762e-01, -3.5765e-01,
        -6.4976e-01,  1.8171e-01,  5.4026e-02,  8.4164e-02, -1.7571e-01,
        -7.5221e-01, -1.5766e-02, -6.6720e-01, -3.5403e-01,  3.6739e-01,
         1.5712e-01, -7.8256e-01,  5.0082e-01, -4.6924e-01, -4.6645e-01,
        -1.0178e-01, -1.3838e-01, -3.9465e-01,  7.5577e-02, -1.9399e-01,
         4.2498e-01,  2.4056e-01, -2.4829e-01, -3.8557e-01,  3.7563e-01,
        -1.7296e-01, -3.7418e-01, -4.8350e-01, -1.3549e+00,  2.8707e-01,
        -2.7067e-01, -1.5279e-01, -4.6595e-01,  2.5796e-01, -9.2709e-01,
         9.1477e-01, -1.9272e-01, -3.6419e-01, -2.5855e-01, -3.5192e-01,
         4.9722e-01,  3.7841e-01,  6.9758e-01,  1.9471e-01,  3.8374e-01,
         7.2541e-03, -4.2264e-01,  9.6436e-02,  2.8343e-01, -1.1373e-01,
         1.7723e-01,  7.0696e-02,  3.0350e-01,  2.8802e-01,  2.2200e-01,
         3.7338e-01,  2.8407e-01,  1.4498e-01, -1.8798e-01,  7.3382e-02,
         4.8474e-01,  4.9030e-02,  1.0344e-02, -2.5469e-01,  3.9804e-02,
         5.8846e-01,  3.8778e-01,  4.6475e-02,  4.8272e-01,  3.5098e-01,
        -1.1072e-01,  3.1279e-01,  3.9775e-01, -7.2624e-01,  7.4892e-02,
        -2.7095e-01, -6.5822e-01,  4.3421e-01, -5.5399e-01,  3.5020e-01,
        -2.8779e-01, -1.8752e-01,  6.8071e-01,  6.2990e-01,  1.1095e+00,
        -2.8865e-02, -3.3249e-01,  4.2285e-01, -1.4198e-01, -5.3358e-01,
        -1.2652e-01,  4.8269e-01,  7.6091e-01, -5.3245e-01,  9.7585e-02,
        -7.8012e-01,  6.7991e-01, -1.7735e-01,  5.1314e-01, -1.5750e-01,
         1.8375e-01, -1.0671e+00,  1.6025e-01,  3.0211e-02,  1.9485e-01,
        -3.2229e-01, -1.6471e-01,  5.1914e-02, -7.4901e-02,  8.5698e-01,
        -2.7134e-01,  4.3897e-02, -1.5457e-01, -1.1661e-01,  2.5874e-01,
         3.8328e-01, -2.5667e-01,  4.1768e-03,  7.8833e-01,  2.2415e-01,
        -5.1375e-01,  3.0553e-01,  3.5476e-01,  4.4820e-01,  2.5094e-01,
        -2.5231e-01,  2.3397e-02,  3.0606e-01,  5.6131e-01, -1.7494e+00,
        -5.4766e-01,  4.3891e-01,  1.2362e+00,  3.8492e-01, -8.1486e-03,
        -3.2490e-01,  5.4638e-01,  2.0161e-01, -1.6078e-01,  7.3439e-01,
        -8.1592e-01,  3.0139e-01,  4.2691e-01,  3.7745e-01,  7.9323e-01,
         5.8970e-02,  6.7957e-01,  1.1081e-01, -2.8391e-02, -8.6916e-01,
        -4.1327e-02,  5.8873e-01, -5.2709e-01,  6.9905e-01,  6.1486e-01,
         7.5308e-02, -9.9847e-01, -7.7769e-02, -5.7100e-01, -3.5018e-01,
         8.6716e-02, -3.3841e-01, -1.6953e+00, -4.7925e-01,  1.7627e-01,
        -5.3029e-02,  4.2298e-01, -1.3097e-01,  2.5393e-01,  5.6698e-01,
         2.3135e-01, -2.3227e-01,  9.2009e-02, -7.5200e-01,  4.5298e-01,
        -4.0234e-01,  1.2048e+00,  3.4218e-02,  9.2924e-01, -2.4066e-01,
        -1.1268e+00,  3.8659e-01, -1.5851e-02,  3.2325e-01, -4.0811e-02,
        -4.9012e-01, -3.9592e-01, -3.6701e-01, -4.3600e-01, -8.8628e-01,
        -5.8663e-01,  1.1647e-01, -2.9186e-02,  1.0154e+00, -2.6216e-01,
         5.0660e-03,  5.7616e-02,  1.9121e-01, -1.1564e+00,  7.9024e-02,
         4.5464e-01,  1.3627e-01, -3.0827e-01,  1.3855e+00,  3.0523e-01,
         1.3620e-01,  1.4291e-01,  2.6372e-02,  6.9143e-01, -2.7021e-01,
         5.8837e-01, -3.5406e-01, -7.4096e-01,  6.3825e-01,  7.0305e-01,
        -4.2134e-01,  5.4044e-01,  4.8765e-01, -1.0090e+00, -1.9041e-01,
         7.4311e-02, -8.4325e-01, -2.0898e-02, -1.6771e-01, -1.3462e-01,
         6.8273e-01, -6.0029e-01,  6.8275e-01, -8.3681e-01,  1.5088e-01,
         3.0865e-01,  4.9804e-01, -3.9845e-01, -1.5771e-01,  5.8058e-01,
         1.2488e+00, -9.1781e-01,  8.4927e-01,  7.6754e-02,  3.9681e-01,
        -6.4007e-01,  1.2193e+00, -3.0282e-01,  1.2942e-01,  2.6668e-01,
        -2.9759e-01, -4.0496e-01, -4.0672e+00,  4.5404e-01,  3.2573e-01,
        -7.1310e-01,  1.7097e-01, -7.1708e-01, -4.5696e-01, -5.3277e-01,
         5.4414e-01,  1.6347e-01,  2.9291e-01,  5.4386e-01,  2.2079e-01,
        -1.7556e-01,  8.2994e-02,  5.8075e-03], grad_fn=<SelectBackward>)
TGT EMBEDDING 3tensor([-6.8541e-01,  4.0296e-01,  3.2899e+00, -4.1305e+00, -3.8564e-01,
         1.5859e+00,  5.5803e-01,  1.9525e+00, -5.5285e+00, -6.6232e+00,
        -8.2402e-01, -1.4585e+00,  3.6659e-01,  2.5364e+00, -2.3027e+00,
         3.8677e+00, -9.8985e-01, -3.1061e-01, -3.0063e+00,  3.9195e+00,
         9.1965e-02, -1.2733e+00, -1.3336e+00, -3.1364e-01, -3.8224e-01,
        -1.4782e+00, -8.0107e-01,  1.9853e+00,  5.9788e-01,  6.2135e-01,
        -1.1912e+00, -2.6940e-01, -2.3651e-01, -2.4895e+00, -3.3474e+00,
         1.1405e-01, -8.7904e-01,  1.2044e+00, -5.2228e+00,  3.6800e-01,
         7.5942e-01, -3.9257e+00,  4.7541e+00, -1.2430e+00, -1.2890e+00,
        -9.7762e-01,  2.3378e+00, -1.0137e+00, -9.1473e-01, -5.1855e+00,
        -2.1187e+00,  1.0281e+00, -5.6737e+00, -6.9505e-01,  1.7122e+00,
        -1.5773e+00,  6.2585e-01, -4.1479e+00,  1.8040e+00, -6.3125e-01,
        -2.2062e+00, -6.3450e-01,  5.8199e+00, -1.6026e+00, -5.5800e-01,
         1.5284e+00,  2.7551e+00, -7.3542e-01, -1.1434e+00,  2.0646e+00,
        -4.1885e-01, -9.0573e-01,  1.0681e+00,  1.6324e+00,  5.6079e-01,
        -2.7787e+00,  2.2164e+00,  2.1135e+00, -3.0223e+00, -1.4238e+00,
         6.8034e-01, -6.7765e-01,  1.4947e+00,  2.3126e+00,  2.4000e-02,
        -5.2626e-01,  4.4775e+00,  3.6036e+00, -3.7797e+00,  8.6499e-01,
         5.4673e-01, -1.2693e+00, -2.7156e+00, -9.1408e-01,  8.6245e-02,
        -1.0055e+00, -6.1450e-01,  8.5648e-01, -1.6755e+00,  1.9557e+00,
         2.2574e+00,  3.2921e-01, -8.8633e-01,  1.4393e-01, -1.5271e+00,
         4.7715e+00,  1.2190e+00, -5.0110e+00, -1.2347e+00, -1.7703e+00,
         1.6146e-01, -1.9250e-01,  7.7395e-02, -2.2285e+00,  3.4295e-01,
         4.2488e+00,  8.8453e-01,  1.6051e+00,  6.1491e-01, -1.1556e+00,
        -1.0499e+00,  2.1712e+00, -1.4026e+00,  4.2695e-01,  2.3703e+00,
        -1.0986e+00, -4.3613e-01,  1.7229e+00, -1.3407e+00, -9.8726e-01,
        -2.7626e-02, -3.2110e-01,  5.8232e-01,  1.9390e+00,  6.8139e-01,
        -1.2593e+00,  3.5367e-01, -5.2218e-01, -1.6384e+00, -7.2142e-01,
        -1.7322e+00,  3.1575e+00,  1.5408e+00,  1.0854e+00,  1.8181e+00,
        -6.6315e-02, -2.5761e+00,  1.5243e+00, -3.0625e+00, -8.1442e-01,
        -1.2076e+00, -1.6343e+00, -2.7482e-01,  2.5737e+00, -9.6264e-01,
        -7.7553e-01, -4.3600e+00, -1.5555e+00,  4.1760e-02,  4.0421e+00,
         3.8976e+00,  1.5104e+00,  5.5340e-01,  2.1490e+00,  2.4019e+00,
        -3.1919e-01,  2.2011e-01, -8.0718e-01,  2.4970e+00,  1.5909e+00,
         1.3567e+00,  2.1041e-01, -6.9092e-01,  6.3319e-01,  3.3969e+00,
         1.0111e-01,  4.6928e+00, -1.9990e-02, -2.2404e+00,  8.2777e-02,
        -9.2744e-01, -1.8530e+00,  1.1860e-02, -1.5409e+00,  2.3245e+00,
         1.8361e+00,  3.3388e+00, -4.8271e+00, -2.5724e+00,  3.5549e+00,
         4.9193e-01, -3.4254e-01, -1.2412e+00, -3.4124e-02,  5.2715e-01,
        -4.1518e-01,  3.0848e+00, -3.9021e+00,  9.8880e-01,  2.0819e+00,
         2.4063e+00,  3.5053e+00, -3.4288e-01,  6.0181e-01, -1.0171e+00,
         2.1998e+00,  2.8022e-01, -1.1518e+00, -1.2496e-01,  2.5517e+00,
        -2.4866e+00,  2.8685e-01,  1.7590e+00,  1.9376e+00,  3.7079e+00,
         1.7757e+00, -1.5011e+00, -6.2016e-01, -1.2397e+00,  1.5214e+00,
         4.6571e-01,  9.5724e-02,  2.7984e+00,  1.8934e+00, -6.2763e-01,
         3.7500e+00,  5.7131e+00, -1.5932e+00,  2.8296e+00,  4.0316e+00,
         2.5216e+00, -6.4933e-01,  2.7135e+00, -1.1275e+00,  3.6116e-01,
        -2.2439e-01,  4.5475e-02, -2.8867e+00, -1.1360e+00,  2.3896e+00,
        -2.0907e+00,  4.0396e-03,  1.5024e+00,  1.9187e+00,  1.9625e+00,
        -2.7777e-02,  7.6353e-01, -7.8298e-01, -1.1138e+00,  7.3880e-01,
        -1.0307e+00, -3.0441e+00,  7.1353e-01, -3.6753e+00,  3.3922e-01,
        -1.1298e+00,  1.4581e-01,  8.4619e-01,  1.2020e+00, -2.4268e+00,
         3.1622e+00, -3.1328e-01,  6.0340e-01,  7.3480e-01, -1.0935e+00,
         8.4606e-01, -2.3440e+00, -9.0818e-01,  2.6546e+00, -1.4048e+00,
         2.8787e-01,  8.0332e-01,  5.8405e-01,  1.4919e+00, -1.6130e-01,
        -5.7314e+00,  6.5808e-02, -1.7803e+00,  2.5360e+00, -4.1432e+00,
        -2.3349e+00,  3.9617e+00, -5.2109e+00, -1.6342e+00,  4.8672e+00,
         1.1732e-01, -9.0054e-01, -6.0383e+00,  1.1842e+00,  2.2523e+00,
        -2.8770e-01,  1.3997e+00,  1.4464e-01,  5.5500e-01,  4.7328e+00,
        -1.0874e+00,  2.9019e+00,  3.6787e+00, -1.8143e+00,  1.1758e+00,
         1.5515e+00,  3.9092e+00, -7.0650e-01, -3.8761e+00, -3.5577e+00,
         3.0788e+00, -1.6094e+00, -5.6118e+00, -2.5208e+01, -1.9596e+00,
         8.8503e-01, -2.7604e-01, -1.7202e+00, -7.1678e-01,  2.2553e+00,
         2.6264e+00, -5.2989e-01,  1.2901e+00, -1.6555e-01, -3.2435e-02,
        -1.2390e+00, -3.3154e+00, -9.1606e-01, -2.7462e+00,  1.8447e+00,
        -8.0122e-01, -1.1913e+00,  7.9837e-01,  1.8869e+00, -2.3994e+00,
        -1.9649e-01, -2.8801e+00,  2.3653e+00,  2.7188e+00,  4.6470e+00,
        -1.6432e+00, -5.9299e-01,  3.2148e+00, -3.6391e+00, -3.8122e+00,
        -1.0407e+00,  2.8350e+00,  1.1976e+00,  4.2389e-01,  2.2694e+00,
        -1.1119e+00, -1.1609e+00, -2.8882e-01,  9.1681e-01, -2.2213e+00,
        -7.5355e-02,  4.3597e-01,  2.7260e+00, -1.5266e+00, -1.6781e+00,
        -2.9428e+00, -1.0339e+00,  1.2709e+00, -3.3843e+00,  5.0640e-01,
         2.6515e+00, -2.9709e+00,  4.4969e+00, -1.5795e+00,  1.7596e+00,
         4.7239e+00,  8.3535e-02, -5.7602e+00,  1.3726e-01, -6.2559e-01,
        -1.9129e-01, -9.7779e-01, -2.1341e+00, -2.7785e-01, -5.1867e+00,
         4.4005e-01, -3.3933e+00, -9.6537e-01,  8.6041e-01,  7.3258e-01,
         1.6868e+00, -1.0838e+01, -3.5344e+00, -1.5885e+00, -1.5597e+00,
        -1.9743e+00,  7.0145e-01, -1.4302e+00, -4.4767e+00, -2.6359e+00,
         1.6339e+00,  2.2316e+00,  2.1670e+00, -1.5594e+00, -1.7172e+00,
        -2.8452e+00,  1.5530e+00,  2.0420e+00, -7.3511e-01, -1.5374e+00,
         1.5504e+00,  1.8709e+00,  1.2301e-01, -1.4305e+00,  2.4072e+00,
        -8.6392e-01,  2.4965e+00,  1.1634e+00,  2.4149e+00,  7.2013e-01,
         3.0679e+00,  7.0254e-02,  5.9470e+00,  4.3675e-01, -1.5101e+00,
        -9.5152e-01, -1.5364e-01,  1.3006e-01, -1.0631e+00, -1.6825e-01,
        -2.4221e+00,  8.7622e-01, -5.3081e-01, -1.9225e+00,  1.0602e-01,
        -9.9220e-01, -2.1190e+00, -1.0772e+00,  1.6807e+00,  3.1061e+00,
        -2.8632e+00,  1.4237e+00, -1.6894e+00, -1.7140e-01, -2.1388e+00,
         2.7096e+00, -1.8575e+00,  5.5127e-01,  1.5576e+00,  3.8373e+00,
        -1.3141e+00, -2.4842e+00,  9.7335e-01, -6.2841e-01, -1.8356e+00,
        -2.3598e+00, -1.9147e+00,  3.6044e-01, -4.1409e-01,  7.8714e-02,
         1.3547e+00, -1.4671e-01,  1.2957e+00, -1.3356e+00, -4.2663e+00,
        -4.3644e+00,  1.8391e+00,  1.6353e+00, -3.3720e-02, -1.8848e+00,
         1.3925e+00, -2.9038e+00,  6.4751e-01, -4.1606e+00,  2.4681e+00,
        -9.2515e-01, -3.2620e+00,  1.5006e+00,  2.6647e+00,  2.3910e+00,
        -2.5485e+00,  2.5760e+00,  6.1094e-01,  2.2087e+00, -9.6100e-01,
         3.1112e+00, -2.9919e+00, -4.1856e+00,  1.4272e+00,  4.2551e+00,
         1.2478e+00, -1.9671e-01, -9.9737e-01,  1.0085e+00, -3.7103e+00,
         1.1976e+00,  4.3561e-01,  2.5025e+00,  2.4427e+00,  1.0885e+00,
        -1.5507e+00,  1.8520e+00,  1.8754e+00, -1.0339e+00, -1.4106e+00,
         2.9674e-02,  1.5902e+00, -1.5236e+00, -2.0812e+00,  3.6128e+00,
        -1.5336e+00, -4.1942e+00, -1.0801e+00, -3.1068e-01, -1.2878e+00,
        -1.3718e+00, -3.4107e-02,  1.7111e-01, -2.0237e+00,  4.4394e-01,
        -2.5153e+00, -6.1289e-01, -3.3497e+00,  2.4431e-01,  1.3346e+00,
         1.7274e+00, -1.1547e+00,  1.5427e-01, -6.6627e-01, -1.8019e+00,
        -7.3838e-01, -1.1594e-01, -1.5261e+00,  1.5288e+00, -1.1716e+00,
         1.4260e+00, -9.3860e-01,  4.5547e-01, -2.4621e+00,  1.5370e+00,
        -1.1518e+00, -2.0091e+00, -2.8010e+00, -7.0624e+00,  1.9769e+00,
         4.6732e-01, -1.8965e+00, -1.4070e+00, -1.3649e+00, -5.2581e+00,
         4.3029e+00, -2.2759e+00, -3.0948e+00, -1.2407e+00,  1.3180e+00,
         1.0753e+00,  8.1638e-01,  2.0193e+00,  6.6918e-01, -1.6248e-01,
         2.5476e+00, -2.4213e+00,  6.9471e-01,  1.0735e+00, -1.7869e-01,
        -7.8163e-01, -1.0636e+00,  6.7241e-01,  3.5312e+00,  2.5776e+00,
         2.6895e+00,  6.5135e-01, -1.3443e+00, -3.0665e+00, -8.1486e-01,
         3.2905e+00, -9.1143e-01,  1.4975e+00, -2.0226e+00,  2.1147e+00,
         2.3543e+00,  1.3076e+00,  1.3060e+00, -1.4175e+00,  3.4646e+00,
        -1.2906e-01,  8.5276e-01,  2.9168e-01, -4.6682e+00,  1.4721e-01,
        -1.2412e+00, -4.7939e+00,  9.7240e-01, -1.6478e+00,  6.6429e-01,
        -2.3106e+00,  9.0901e-01,  3.9385e+00, -1.2780e+00,  4.0382e+00,
         3.9439e-01, -3.2339e+00, -1.2827e+00, -6.3339e-01, -4.1903e+00,
        -2.3360e+00,  1.9406e+00,  5.3985e+00, -2.3124e+00,  2.0681e-01,
        -3.7826e+00,  4.4767e+00, -1.2031e+00,  1.4899e+00,  1.9658e+00,
         9.2540e-01, -2.7015e+00,  7.5949e-01, -5.0781e-01,  1.0177e+00,
        -1.2462e+00, -9.4174e-01, -4.0160e-01,  1.9823e-01,  1.4943e+00,
        -1.9275e+00, -9.6249e-01, -7.9512e-01, -3.1453e-01,  1.7542e+00,
         1.7649e+00, -1.4756e+00, -1.7683e-01,  3.3677e+00, -8.8499e-01,
        -2.8603e+00,  2.4073e+00,  2.4726e-01,  2.1793e+00,  1.0511e+00,
        -1.7236e+00, -5.3340e-01,  4.0631e-01,  1.5144e+00, -6.5857e+00,
        -2.3732e+00,  4.2012e+00,  3.7301e+00,  1.6691e+00, -2.4635e+00,
        -3.4002e-01,  2.3753e+00,  1.1759e+00, -5.6747e-01,  4.4739e+00,
        -2.1092e+00,  1.3149e+00,  5.6039e-01, -1.2753e+00,  2.0484e+00,
        -1.8338e+00,  2.3402e+00,  6.7696e-01,  1.3244e+00, -1.9537e+00,
        -8.6197e-01,  2.2885e+00, -2.5703e+00,  2.6761e+00,  2.4612e+00,
        -8.7186e-01, -4.4182e+00,  2.0252e+00, -3.6238e+00, -7.3258e-01,
        -1.2013e+00, -1.2373e+00, -3.3642e+00, -1.3236e+00,  1.8028e+00,
        -1.8222e+00,  1.0794e+00,  4.8086e-01,  4.5641e-01,  2.6245e+00,
        -8.5754e-02, -2.1935e+00, -5.3185e-01, -3.4795e+00,  2.2353e+00,
        -7.2660e-01,  5.7395e+00, -1.6739e-02,  2.6478e+00, -1.0665e+00,
        -3.0108e+00,  9.9902e-01, -1.0671e+00,  2.1033e+00, -1.0569e+00,
        -2.0180e+00, -2.6880e+00,  2.9877e-01,  1.2623e-01, -4.4139e+00,
        -1.8581e+00, -2.6343e-01, -1.8943e-02,  3.8415e+00, -4.3215e-01,
         1.3301e+00, -2.3579e-01,  2.6979e+00, -2.7513e+00, -4.2274e-01,
         2.2128e+00,  1.2627e+00, -2.1576e+00,  4.7421e+00, -1.1946e-02,
         1.4118e-01,  1.8606e+00, -9.2353e-01,  2.6853e+00,  7.6315e-02,
         3.1888e+00,  1.9804e-01, -1.7629e+00,  2.0270e+00,  1.6265e+00,
        -3.7003e-01,  3.5241e+00,  1.4341e+00, -4.7629e+00, -5.8628e-01,
        -1.7625e+00, -4.6834e+00, -3.1611e-01, -2.3414e-01, -1.7882e+00,
         1.6858e+00, -2.8635e+00,  3.1896e+00, -8.8357e+00,  4.6777e-01,
         1.1361e+00,  1.0284e+00, -8.5612e-01, -1.7211e+00,  1.7581e+00,
         5.0061e+00, -4.6543e+00,  3.5305e+00, -4.2540e-01,  1.7608e+00,
        -2.3717e+00,  3.5976e+00, -1.3177e+00,  1.6810e+00,  2.2312e+00,
        -1.9909e+00,  1.2014e+00, -6.5407e+00,  3.6687e+00,  2.0789e+00,
        -2.1865e+00, -1.2043e+00, -1.8183e+00, -8.1004e-01, -2.7328e+00,
         1.0716e+00, -7.9904e-01,  1.6076e+00,  4.1212e+00, -4.7200e-01,
        -9.3518e-01, -2.1442e+00, -1.1798e+00], grad_fn=<AddBackward0>)